0,0,1
9,0,6592
10,0,433312
11,0,1544560
12,0,64853072
13,0,1150822528
14,0,5849075632
15,0,10620037872
16,0,8286810368
17,0,10307816304
18,0,12162153920
19,0,2677868160
20,0,110882467088
21,0,1028238593760
22,0,34575627408600
23,0,597554792538000
24,0,6079647063442200
25,0,82804725965724240
26,0,995239479156120000
27,0,6972502633852377200
28,0,28018347445085740200
29,0,67820586330371560320
30,0,110189450605259270360
31,0,152445734978473725600
32,0,210967747385251407840
33,0,374956365067067426960
34,0,2587889789841288797400
35,0,40338902295801511842720
36,0,554649566937533516464800
37,0,6119821984966364354290880
38,0,65741749240068018750389360
39,0,648999141382333990950398480
40,0,4886079414946305284668235560
41,0,25954945058172408238392382720
42,0,97016399782231821535550112080
43,0,262632353100332203394495611760
44,0,545794526459500275195818940220
45,0,955624323872275322473497944256
46,0,1615236420999056140334809543000
47,0,4129650466142870490451080248560
48,0,30997197414994604776630977856380
49,0,350643868372128649837285267152400
50,0,3718030393131149256135037536376456
51,0,36407713606088797847823900042444640
52,0,325445045012346366463934322752644560
53,0,2462822471849423156682246975892441760
54,0,14806950228779024433792101896649678792
55,0,69017770501109460601296770586549044352
56,0,250023107721962398972064320749136253140
57,0,717792831763069849905178078864199368672
58,0,1691815717816293231487262141100693815648
59,0,3470043238107711398366651717280607602704
60,0,7156707670637322845301304864755465623260
61,0,23600999405534926854647358647655255239728
62,0,170902203000509794212903162866050280099936
63,0,1618153164750225539262141220572567233001968
64,0,14928174075141354097031145424933016456549872
65,0,126668053192189691610017260696409444308224704
66,0,950895120379658727949481320191331603468964808
67,0,6064547138089989490829298619514277953082940384
68,0,32007724470493741805960289140128414601282489820
69,0,138535453074636862260504945378667558194906352192
70,0,493715519323452182847627339481170261662163337456
71,0,1469593644045050245850327994211485175901049263280
72,0,3748484803974173122677453419281186042860261534272
73,0,8637640081046569711210411652847537441257066665568
74,0,21166844993939769444944405436619378865909199350960
75,0,81978220807986936437340091036128548528195526237456
76,0,566709199064839854086295819431470563929085011298888
77,0,4749970410616331043864035473817825485162568958161552
78,0,38738178699304397981230129669690577259469432720965192
79,0,288241655816323520280208322106704569009025894434673280
80,0,1895502982438441168105544805477952213468199615301413012
81,0,10775114942930530312927737242221141582297215381577192352
82,0,52293311403673724220417327380892169181324442632292442368
83,0,215970184802636942615547443176964607033015309924095850688
84,0,762402537543204724859232528463313431176001500410062868744
85,0,2327315586286539592285959024544301526097745562804260486848
86,0,6285806278164273995089803539333817343065224857505639018888
87,0,15910896300222435589577209133180697948279567641401323352656
88,0,44816794717985059845429821161165844434766884731179668175798
89,0,191163271054496277230395392274400213675783699489217600557360
90,0,1257785390313878324371636802944244996117722562986504246264880
91,0,9508131062257383940180945440323485814853871333351103408335648
92,0,69549848645003571570080061919974830530343893959069417556974492
93,0,464667080878316025369347574094389055213124648024051953226182032
94,0,2767617932758738246350301765321781539958531075830739275872432072
95,0,14501196001456661992951876966831868526627596230240503162528593504
96,0,66412129935863579288343965768428674960930412473455778545247979302
97,0,265673545438000627791582122478847233137036706718211472252664509920
98,0,932547358822858135369154600268174521149388306531881215540159428776
99,0,2903148764086195307460200659891050102373970037506415420536291487488
100,0,8208776456680140851336876712361818802622822847263763290188297619476
101,0,22474397268362314839965117754878355610117405596247687034362253020176
102,0,70375394948072529285902226642363237351819255639414719091374796614192
103,0,315870496658093156731347077513424176648531366482672449702018657144736
104,0,1969720600514841615338179664790462518577736413604413928448311418064552
105,0,13597556367778215595515235698422081336296202022268176027305617870485392
106,0,90676311284910453766905250251850899887491487991115781178589458409625056
107,0,555658955831053081817381692870596596331289545768262073041223565491465616
108,0,3068785630169169444493501579050326016875339044167509666429845242816731892
109,0,15138289466019440774783110999540415771573691659761087767666328995039501760
110,0,66466874643639006854616899826779346257506774172900790820426701917382404656
111,0,259902897267555997286770432815406795457543946974028106087040367262900264192
112,0,909368912958586652132338092411563283754497976754655035747080360574274039538
113,0,2878372752757869120735232422278778702280827781551507240090013091753281316688
114,0,8459141717329352669578782039788700195909344722006489297110145722260811111600
115,0,24704839475004467982256526247066434035511716967915801634994465794187725880432
116,0,83347078276963710538690117270384910215898309891066692085117396457427138049408
117,0,381050502539912254349681135149847430443099332374113097472192632650978868151872
118,0,2247032253444196604904946317153649519709285664918210078651167518580135516852632
119,0,14323272989719853516170528687494713953447434336825710868712613355445222343952848
120,0,88364570425753491865917975913237938783187677741147614861904970820474972963931126
121,0,504977629559650772046549899638966804323916095179147602651168763072112957908865312
122,0,2628848497167259186542833776385980697279413698058702050472402274445270412831455576
123,0,12382452425179982043708569448703031123288682401673552220452824255427481511875215120
124,0,52661131910903608397798463981810345306706526329189427249962600816157010389109665840
125,0,202477604141623879765716789076626291942839007181083457750909345111977660175721155728
126,0,707374492093737414551930283371238431674611875629775619812810560184796093403451594520
127,0,2271835583535684054730111308280359649154805956476396100840914601964487329338648893680
128,0,6897674615297522179413038384609614533552828229407773651826137093791860318840994000360
129,0,21186695624995734968825717836004325412894347697362752247142557753085136315447974450720
130,0,74906453740975916083706301826927901980571079786323136224780138488256993043403789790720
131,0,341042324538115473403160682788760184359538042866674447176799012554206962074392762692320
132,0,1901292880130476109326221476113377093055204930449594293799241076329954653923243080314380
133,0,11296820006343760698097348452576426473103319332961931295603614082443390484069599413481600
134,0,65246208258118617878297399793184991326458828277269830467056694793085124026739626714225872
135,0,352082510608654025388133460149994262144984226684736082694490536164589666675139495333409888
136,0,1748034212611213786796854927437508854111913644093611193079076528788248952357945482237679710
137,0,7938657256982264014940309911748280940161710922777043665175598636421505763227838124049745392
138,0,32933356032886478935627565497088389249134784057433773435990132617961995034466893808589274928
139,0,125012567278332846924254805236386325967094154274460581581727922367992123344424239335789677472
140,0,436544399028780783248693752255906394872132902656335187963393320471913527871853389209193237680
141,0,1419771967913995422070400868186537414865723941764611131311174447137022156103872058860910527648
142,0,4425654123068270186602175007148190551252344304995420143843647399262091087463262859709928684984
143,0,14091867051236352842825450528062676791540922012446449998229565550287222210737858345950824546640
144,0,51009675393346530661352098108311707184714023404537800367180793937704273423272000764662232852352
145,0,227663714728856563790653718257475318368617444080979872836414332278916988745270024608514590599696
146,0,1200291642108737754734520261885417522164103317808756292040180428327906973245851828095560543886800
147,0,6696275691276216185209410335451913340375830953532507576887925906256059735408171888231235219554672
148,0,36536191489660514572501546301150600240600895535353777454320961824235739630852976192067824076804608
149,0,187891666619860743509924315070557040808025398129678354465666229909416539970468094949173855969938688
150,0,897183308924720892100454135382448509773359307992562409264287035313208643680900077701955900308311096
151,0,3955765358073261107990872238407523132540067577089055064844430564920775542575610583780303915152209568
152,0,16086592555704555705449753441954521522223999249842781465343442420149116276272316198094169279821992220
153,0,60450617290493853902256411054350570970495197450225413878652209907445752495385994917297906440485714784
154,0,211082378641790843361393102295376235218750479452200424713766310065887847686266530706877409775297403208
155,0,693510261083603688156534447178735403802718741395427055936788699771365363971304287536022841114461035184
156,0,2204176570748419507793415996002502145918146286535557433406778922287017865220486724141315746038287419244
157,0,7172876390283285817991452883080437789371858615284869591568481319177326739332884375554102794665067637344
158,0,26075279502346152154664590310014343359396643224005784499065128586358966953962333763667434087137695276688
159,0,112731935278470696832407047429180584508285333829043735244249235663103172106825233607556888490155725530768
160,0,561776858541089222645489827245947526015231192732463505238238450246477965736113001060859223749175401412218
161,0,2956670039243912067616006720577572945401888580397608688833028415332333359752165667371810614234168412457248
162,0,15336882489024789664444294929282846674514585131367943202562994150737614819052757653849826809864294445752960
163,0,75662118435414064173035005690592437791290047843679438584051700898394484643754053694280198719800695047917744
164,0,349577271538347955694740606958490460618095140914218279973214510594009323232218434050289564438181227486832112
165,0,1503781631758466416007517471818176666610478275762239190746804288064463362282244274468944049373574903209567568
166,0,6015381892313709823354574915773350752957067583158484673824307376022716823195219451976632359822786738644494144
167,0,22416776448438357212237848629259913924346802053904646616670642669447255391146917311870522455600129730960322208
168,0,78247762360921375488309690061203701561593365170393932079942070331466639226996467091926578331037409069821812124
169,0,258905724910186226153512018284896288384990045681476134384563339693179230473164849905432464560722255452872526368
170,0,832719309212757697580476097598427291158981047038001779489968825606257373357641281748582455831961168415400473200
171,0,2732055987570538116231882670863641550532480665630526654360853556116451408034348595995979799585488482243178397744
172,0,9810923597282347254181538918855171930607019357005940829579695898938785544799773143416044740214992052196948687644
173,0,40644970960483113054277515247344046426932674574796974747641302245539853656333059855099876319180531639443770690688
174,0,190882058026716240469628659127689507800892232811025344786852184441577159069599728128074155679717063542906553226088
175,0,949120606431414330578250588162524228100520142690642109951329325475989657809854002237482485982645305573632257678656
176,0,4696810695018262996319181782420252528431552168769851580606484169235862776452337719877351955605874626119898965512553
177,0,22321883307132234453236983894921226859841437715520249630597050703811759039416450711662499250460296971341829993982080
178,0,100199937321755755002008323102540645724079037628759099367577949853944650629733547979706794675842774270773660638913464
179,0,421966435723549303415441986906810178192755265393860535477419424994386490244456774381823590144138973968819546196399232
180,0,1664183892222109642269789373031558343490834599506404724842073885337312224632445557377527880657629678823648579940135336
181,0,6155520518441308869667987116901696664842731706479340673467510026042554915158831102681064542367428498406916211633377504
182,0,21457066872441771177588055813666644474032651669099693610039317361116059478701302839099250545863991633368689051708749328
183,0,71230042231788293187407743726519918304935161733172106212465782910103988998616892394110848470914391982100788780207136624
184,0,229989773564555299380277302113593462746053175836471473663936529575722143920017677472890311760382429215088338246927436554
185,0,750858960592389650728562633592063365514787022445311094053525727065626041847711143645800653432453004301702098850014190352
186,0,2622548042027258700918893783396407980052875780897511063184791897941956127168560019964212984675025147611750699599800313624
187,0,10279962605389645003708483111701748326040175915567228498968680299664830718245953924449996955355387602222419061614858820720
188,0,45138014348082230065348673188931716653066567784481103294076242514384525794383354210332286965228004297451711582616312894892
189,0,211239810733878148640666755485347205224706071501647091587829945647573171287329642062659503404851013130907121377956904378000
190,0,996692504696931719037242526140479073734226812015093944004461628478755273243012723816176646049401061796188422084612646422528
191,0,4569472512152881420252363079375949669213647846183814794713408238545343029448427746196751249735418645634191487329245924497952
192,0,19970027676895703698307690529946262537536558572465734080799401489035735783456791462920457787685047475097488435092809401604593
193,0,82490500182722596424430558300112312710844239452083214831741375802199756087246219099784261662947975337939247667310794756506928
194,0,321150836380593727983573449407172343591842477757164167261553909212663825695530154275156375806520779595833842095516362049051280
195,0,1179087254871171090115101509068035348947003395289430520261711592586492108890080549543088918497447108302356011990474598237081584
196,0,4097356362079159765583620278106307307501210225877289015172284579504702009057568567370341243176104279653665281550970430718629468
197,0,13585885967751952097898091547234283170534029425338694220601068844348005243439234364172538390036780779781277987995153752952991952
198,0,43668365519806199128884210895106803115660776848838439432280553720323845087130302973294320645381723988251499823068184352528957752
199,0,140007799031081779571280841426586643340509736670674736083577128028157678177130138424000179378756966228595337225922678660410701856
200,0,467594677609550832758715195645066147447889838617518150384958185087214759735337870204011268740473520783519820913198393273086748086
201,0,1701525170792813772746599189282081267032609969642141256958319042264981274087935706818190636895079663694322572656492918267217224992
202,0,6854586919176571080904866621901439457648384469684701982521599071286535980069583843497531663478401821844233421811749372832847002584
203,0,29743591808739791598226473571753909982840096134170389935203944071956942037635933908535384971639320528299876422292283921035604749712
204,0,132608237071110756795875465992624334506707493814454206409539776071809378011202844412100190095206958863429361356045415561158738890512
205,0,584058959678101901484498380565826759060704368864023515846078600735409382305638826686816938911652257310395097370334516422821507273168
206,0,2481815232961844469261081878010279743492260612866104886696001413118656209255783620078241061369740743969262337174903834603111062824792
207,0,10053753550087260342693747823750666665430550543467116287299833830107644983997577606552142284518602809892772034119082340179079865721840
208,0,38631577299843207094271348694206907907236212953840960676923809678555775863355741898074216090344230143436709957469346843453125303479516
209,0,140648838549663443675719890639922455027572437639597076728870783857167505896392287407287629192559291944807282839072354858797621148136368
210,0,486006585308356188162120261063639646678273527996230234009904717887597644291780064529740482518552344154686698850204398877171262537656400
211,0,1601365580772355833320264172420111071791767361586583064995806962668862604446520066023088146924257323535009472701612992557507802578337616
212,0,5077902356378237389711752597211628852295451531384231848495993956534169659011411305627656070903627421982602063290980015244325983304475712
213,0,15758212622676343183863071743889387117387702712930564410468582370087001959395599406616685583353307152484923549435100750450886907143368256
214,0,49202159384525743569601970644094892196010504050401395697741326443286609756572692079757138850050354152550345345097877431318548074210878112
215,0,160444660082309989479927086646246747480295127602382634677577127267103074472976773561976586379705364655152174560430375492206517753156341632
216,0,564745941756407508841721056194863571372992672047310532919811597783105722225470097901228586321784698949922281464566903511845096004092482606
217,0,2159489049090846506044735463623039758128576707857603891310173495518807063715030038873578682339832856136333580195229380891280825574493637536
218,0,8744657509474141381136619137899887355399073900695303832971156003625187990083478510047431701367087404233126429265349933392193759608242395632
219,0,36091368896630202636914272603801228763681137775433033781807763666304416171141042382333303192070171602739750814673546287622981318537871739408
220,0,147065438744505114245870137292206387072826920591465087843439438243233269891978231515042045394808340197399462730249914613044945047881084047252
221,0,579964772928904322668286767545663047721509964059753581080860659505631421184397687738815773087608537305645342290293704110647494499133493358032
222,0,2190074790833370401116611470369884614715205709125861897319434093790465418714204662973359815261820986482445288136740941759616057315372913910896
223,0,7879919713421808110639471137462596394894408910768851557651067584000638088340328827768246992235970419677015499704583178119607885248663092395520
224,0,26963915523016010033423483740274505051429894080081509540728325933795889675222770996089580605546501703822855389813441594211097113894596736353703
225,0,87732980137174033023683321175823741629324686993548783514732432257092457698988517390701410792515797149989623881596443738428652749714277160751200
226,0,271629851004186550235730025996668973277386952407397865951840440324623142008890528294313337741843598364953357851720260047195282442310566172253320
227,0,801240246556120839549038954881129023762079262166699989983742266287754232018832665391406069002602379697223740783735905507959489855941770357614688
228,0,2255166645302560526619096091411266058275634259509205981676414242843732875973201760118683175844583036309584525251813972138927925260695224306384112
229,0,6066710670133253133655312709990905988353462064373332339828722651566502582861003521215491865568244536117454778744266943781390081159868950539070224
230,0,15626008759571029181681609203412428523295577007404766978285210831048796143354716393272753549640418072151330510656424204139951423595738065981371472
231,0,38604178913824570151172820154561963472714083120638652886549450090213552706295311361116089260415295611916791510837302024387559496412153236203254432
232,0,91638331203080217927989199374856617314574017774867907823980984129609581700861983648336659373120419065741732358516426735603645055140958272400510332
233,0,209374643747230881090113324640464720921970161932308044519886239883752193294284275780980152791387096762772485452103415104065043514090399575766805904
234,0,461208047303495651223954606031537632184144863441633808832373968148151603165642382142302607368718340789072633035679967817791264301838542700352564816
235,0,981039109642753559169346082881194194477750428879359312505766742177181738788204491839165360010496873900697651747557687554066292054570892616179805392
236,0,2018128351051499041262682857238162414156020963236460966715160643957366552211842273281377184076064074338313307094160690449685035498027286145044783084
237,0,4020725278585658812298423002977590472876341349102534872358959996633538337112338240706250650673075254776025465449499274759193298051753238139007041632
238,0,7768487195708711474300587556769896395805453499561693872527274459010234114413451774887811746883777183937991741995227377225394295653324354309185436000
239,0,14574431718004335042842042916441025960665812746035991718220223611584905654285483038836528623514694165712726677666949038073284777478956114724637827456
240,0,26581587016426672808520836049204186988035408562566414493779215758164358951163657781439432705704022395542555717198562472804276876485595883849435245589
241,0,47182493233435804804880912623947169627693627046070269959323372860796396126455181549945828138393517080876506666593568113444766848923233154194986175360
242,0,81589713158987892924333026257237331065749481842138309024837821106035125517428610845052768209021494753738331096100434297451507453202558431400101478576
243,0,137580634591261119062353389657697391549212655258581205416783596223930819418912430820115531937121988091417313191548208397294438068494714929728213749504
244,0,226428079670101362600305606616241459496558090423374561383366070139605189886548122693143111744674566828373823094823280620755674572033500296160533810024
245,0,364007827295204042746562595380319926676400210068199134889530674893711846180618173359780529170360875338011097711207838707584226824498341835973321580240
246,0,572044124261969447066876633794911831122820870279840047718851143767834958897968163009275736331541776109923324187836428195258746149163801452898433302904
247,0,879414987816326265348519316642199867108031362486412266126765714064906254816073420476771892639535498200488408892716247138562818676444139518260476628720
248,0,1323392882995906635448335184260296682945011095771823081621320283099307470786638205200083263318001016621724608457108217504149529296113957611628885172212
249,0,1950647795809917795319945372366950595967181199555652235567679362253849175693695261855155135064036619737755570936106040590144723108348757069743370100896
250,0,2817795792237739725517640770668095201677701617146369069768501392989777103592302923903621614555607725678345514425530736356767222756508121276536873872008
251,0,3991245793392571197643854949700997074900573038944990102206884207959278896829796410368878715108597684082232677733643730394144160577855819276798685294992
252,0,5546090459321862576805673814585451946817725651098050461840592517254540285082249761733420907732958416507141264089414606721950718012143543767315506232864
253,0,7563813226250970584397105058697515335434813486777626775223277945537031752306704674655972885481019276554831340061541616401474678934998349240678676656192
254,0,10128649780490006520809274116420281097720125833373154601885656714672161833101314766627935204789482153305426136353841505771497265322190217518057874755720
255,0,13322551282427552538839735783297926101459074237484284268936759698679663200510047082925258969225834199267365011259858830547714026827654398540888366787088
256,0,17218845027179593793383039220022903675640910118723363969825934930480849401163001892261306981093035579040357708871186311758345604775920850578863673236112
257,0,21874865245471312676404201026435234450533139897674972278021403855444425962872921943956944858581031130004005471142577614372267945234432365811263103265408
258,0,27324014425047996171090832314296664627621103792342004803241347873603798005344919788006693139229746458161862756656272821811063284706347397595418047578608
259,0,33567889905166934004410262664682186697762508372189116863664341511885561648132286349687160830431323273406810391434563017858177213373119517910785880862048
260,0,40569244278709872731578726869035857899195637226756459650416575104374586413391671711730996663504131125773850582618910201216006046979257148608707620084604
261,0,48246614509061936136945424154832148983296890057998928558554299522101388619662185655968380635740927477726201833492021433659475486924955007857575892690768
262,0,56471431776938152793295540535028558049067073210967712030477379759544903965583316326531158950812116663878201885451774349561605333981070459722475490138880
263,0,65068299404591244654278886827540317905797750081458715650875132023388048398789328461983623102152347236358732208553064174399316688173771197736671222332384
264,0,73818900021165389165112694328724295039832545412069123716784844526543389710563639398282606035068009747173006241518863673672604875812125415308019720653928
265,0,82469680449194352477031920207089114371479534916169715953153400322874752284936911743521363172531052166411050881253010622433052745881317167253488455849728
266,0,90743092985029223843389258083784702393330063709832079847455470533966079452505386679659868446111060003040387024807593179807317070185517708031743127546224
267,0,98351785496688587085842117610596382480750286157277503182670311894353967000815839576684674513739594449808019759398787470498190593308367323922753493206864
268,0,105014777523361344702237211647391600337341302571887403838419934335919706668397502462346433504990208514544445407041463884988670684671736962550578581831328
269,0,110474382919615679277198040261288618452376305563247530376650760198979968938220537490341523341098617122275658009036658898512213373928895869611305164132320
270,0,114512481378007007931334327448258511903235476986014136564405738187488350488761453141068507557653903920594953363385967012733820428579862158695576587013232
271,0,116964728488777236567110282975233001171962759396934898120110814126818606039714825907207077146477953394300458124258095858966154795737796877508800073534448
272,0,117731436039394953272521849902631737032414908434294996165786394952885454181797980313799581309773264181619853549064115416167505696538688519367440538161887
273,0,116784137996723053577617761915147814134133384645601862368313642532641034500321571266499755293557921795031264168851504815384128139429973865498330822162032
274,0,114167253359913193863190711334234304811314820710818196358475841964301167528111717610089056915112431978889313142133193472882384360263118396636057963572912
275,0,109994720104438231938069824168796362127480167698777550915291060327943055649737332741728126595611474337347021624639651540894114885608371115490409875040464
276,0,104441946126640812073928212844350649011165108039289511708683642092979256767147811782880563988565460043611433604310191622660024734134217416547825074798092
277,0,97733851527696840028252923390498016874911318576449048680166178355071845487923622932332236625460081372310209591804632867390136409686134075447723412683280
278,0,90130114524733009980508932598714771702131588539114530215252594129345849385843584075318580437420914918334286899104707539900597322530178087321393586378416
279,0,81908935457760489684247443975784841220830802406485488719188320296556097770555988179076767572427824891729384036924995669834877991273219567694221165430480
280,0,73350694099173003543445946295674682510887970227362601165467179266412879602907643491397139659730458522474884187377473970020726740530477822421461304247998
281,0,64722795531803238879556202186681722326671610381186765690835113289796525301379869275562811562664426293747491274033386139935157851328985000874066380224896
282,0,56266778569416801882012486898116411817842687761532954519051743419964608102921395675536290131444569165255633166311191329296816273645437867087471080261504
283,0,48188465398505130660052855713968635048839194900103885340356952722112372883851903213030652160829114405456303048311650869984536056609443281621577091384304
284,0,40651587170915209051770107721920688607133134918285515730628762858900066201743061773676839726760303847968065477835441274935064516732199388139972076977524
285,0,33774940488432777556099909022988224008007234538860649562059800886991968963790961525715237317327450992952427018832680483732652595727261990472993015560128
286,0,27632832743043126095706100774049896669817292289520714192013435822687895658445860283177491587069848258706477710117808279358064533022172021176221926487384
287,0,22258320373895974206257656962248113988385655963405675378769838109885165827312919796443179601896045751322350316467818430553300170852701795825419639046400
288,0,17648534830144573405910992222169743494869644751025671716947166719502892971394589583189718027812089733029517162913314088697004131002674529432698275316632
289,0,13771376266126296208916367641076572028804315632021984927889425905493803750717595805838205749371474475457654484494110395710124782402103745358900223721120
290,0,10572829796572310234760984787494612244876566768697709944222562420613813282403278288531787903743488933740405206003605869446491189149327440720690212341104
291,0,7984197469630802030226495467006372009469918628572356438468117007368471347523834515975298942094744322661329159747520753523233263192882322877785712075152
292,0,5928787841191499039183567493261907634241382853974962407633708823354946571164572031450564155366576293361133711520723769607493414024900011535955177373168
293,0,4327638007125422043481888350244507203410296376424584323508384606100349386783511769752587783515469429003040211923410690251198655630968988019688829175248
294,0,3104025641259252196899536152363058149627861600645124963633926145352433354424954329648681860441868543817745101799681299824818741106199135569659290656208
295,0,2186821370265377010711622564564301408642571733898652656827381310016997319184613566308938809050245409608643355242906996625179781381766092502525341068640
296,0,1512593804969037886558474132165638120126045273614259915262255486912084983282291715863072143871130161959943588306774817586464102338113846751413418711458
297,0,1026673160922626189762941426968134202630186052800797678120935460617183575467029673564497210162178700945645413678610825257475746100830156481087746981920
298,0,683459797443378288196006577558954058668606381682093385113871138606787440993572035823563775020846722575712784660269837867103244672275961754541394044584
299,0,445964299689094906312034144900356878680378025479131302453038697023594734812463533480938646458075791676299733749987297535695606021142044408918155435616
300,0,285026734605793874252021212236500817146895405123380227549364606505454605759526864008802032112054489458129517493270384226348378888665274427709617932396
301,0,178315172353148489579484994237002926220725270263970864133587150018218314682132592725013636446820355755288061008299966429989404549958777206717595821664
302,0,109090760254000462383582431742243843228878627881086114956394165346911746307188706082690033481145468446001700198252343958384328961498398747935024051832
303,0,65206924326130223794336101505102823563214725488030281861716219946494869991593536220102874518771202110929025776069879010763232104464950291905678401040
304,0,38052438949049828526365986573708029685802447589263881510536249932991940333224729187198554097049465881758929559995872886178741039079408317431200978960
305,0,21634464728376201742736396908680270778461453317290900356458755196844650552045160447262199462798796780273660456018612099017858768583639545119485368224
306,0,11984180014834629588965410450512260041486015983456779586708798914191604096975713965309130849016870437177170813408117219178680530224046760516064919360
307,0,6451857959037910282720088685734349021914304514210979840321155159066217989175732637692603307177540363775744810068719855113388540196151598241704875840
308,0,3363156140855465994916161665760602954174311168103297527764164056062195982263031631565724298853726670894762250155144402890323373659551134021350888020
309,0,1708668856405865799108078978478317645491597098421405067194586641392713391577590325316339547762128840225524114084229003577492269672723262926408899024
310,0,828394166318233425014608301886815745662928928404380726530204878141717663255540086287872155677751942627473153379259602981185042424521005817609578904
311,0,392159945883637764083092442695670192674307893218449452292070849202711801619201900949265371826481773992865504882752961840047997191194471630334132080
312,0,178235125441840295014482568422828773020450231579289410931690563211183071626873346311481261585749401261528301047906632960024610682859559078659295904
313,0,73366719957790490933150601982383791972354213468839697802761367969878037556686291456516798353882738785853066951771690549856884281691715443193722816
314,0,34189212854443389181361704797088505417267168786020916804348378588829683258211617509421843819361441147467407790144259572475980580751265006832236104
315,0,9741066954758017113057191863884171660393695407445850063080633601359126877064727712030743567876775483630970134169241823440789654655778962282826704
316,0,5867746646279274655898838544087557982137047454442342938678579585718437142592670268287030004713127826568432764914321399554591134858248194903592576
317,0,662728726019011678118551359300005210557917320982792051857271489961977921135572256324971713368806277200309236682525380950090757401309672999610128
318,0,780641527628100845263224919166150132187307784050204998643008651071733117961763648000753545230801263961513539716065474310567473692649936799852480
320,0,53544360191880579464125787041561426266907204543779742872280304041540164311695131062473908456007612905328340649195226378391387104712724966714241
