0,0,1
2,0,0
3,0,0
4,0,2496
5,0,8448
6,0,19200
7,0,0
8,0,3142272
9,0,20874240
10,0,83169792
11,0,166831104
12,0,2867055616
13,0,26095853568
14,0,146776676352
15,0,509499920384
16,0,2934553070592
17,0,23831486251008
18,0,160274239037440
19,0,752701592125440
20,0,3483137029423104
21,0,20610874906116096
22,0,135246901296857088
23,0,743629259046715392
24,0,3610814992097083392
25,0,18185866453250998272
26,0,103695602917737234432
27,0,584404425313353728000
28,0,3024384421180516859904
29,0,14941608165375096127488
30,0,76827442753690420641792
31,0,410213770995929123389440
32,0,2149497973201999370256384
33,0,10789528726319924923858944
34,0,53550096297274930467176448
35,0,270474176303780318278582272
36,0,1379071954925512640430080000
37,0,6923214869579894993184620544
38,0,34109403110029808359169851392
39,0,167352798369771886518483288064
40,0,825741962057382615725987856384
41,0,4071426763702783498613554151424
42,0,19884538867041501484011149590528
43,0,96216886318519737963369084223488
44,0,464246175831282941276088044617728
45,0,2239641152042232962899044921769984
46,0,10771799246250108746735412370735104
47,0,51491082906530311372816777752870912
48,0,244802124539459390085036712371683328
49,0,1160365765937121877962673581094600704
50,0,5488093970589072093890084581807226880
51,0,25869015274891630129949515464962998272
52,0,121408255094363204208519142661865603072
53,0,567540104435545362531092095205684281344
54,0,2645001428329939008861901136143719596032
55,0,12292641932857719935133322540675548315648
56,0,56948165882080025819877281048254992089088
57,0,262907214141250932295902404838148607574016
58,0,1209757254964184157435122629862878655545344
59,0,5550325766417346505263667100018607434760192
60,0,25392842759997626305669835307785623634444288
61,0,115831778474428770110205822709117780469219328
62,0,526791054021656685342752192301746091177541632
63,0,2388826734682574858164232832095297705126920192
64,0,10802648353765355513636249316700316455944585216
65,0,48719529401948576335871848749489675558363070464
66,0,219128252926813773042188552670767249737929195520
67,0,982916720066962617097430889810304511590772244480
68,0,4397259574548316785348931243783516511317738389504
69,0,19621222369918748709852312324185685639588395089920
70,0,87331020730962184030519422480673525383207132856320
71,0,387719778242206772076579575799251831680734402183168
72,0,1717053132446594169508128791921648589774330150256640
73,0,7585471013976777025282422115256932990626277053431808
74,0,33429798132940010939460735229867324269849664454393856
75,0,146978188454463954846178646562007358049291043757621248
76,0,644690671158396018679588421866037490513392573192601600
77,0,2821242599613303461446173000120316162308332354474606592
78,0,12317804338840235754192838781790184330888746407460601856
79,0,53659184638198178063529357069407892698890874052868571136
80,0,233230597256912429444508564164612837200117146838590554112
81,0,1011506931173017523208295219261442277466861222255820537856
82,0,4377285611346313248549120100652827524724563075984651190272
83,0,18901872205677909284099350982431005436526757019539619184640
84,0,81447929702137377191011888075736329672259157330036210532352
85,0,350220370915404137995369842473035707136025989763302466519040
86,0,1502792540389201513115007099639148064862877998341327255764992
87,0,6435210147179545825276789584662359841245889450466413058719744
88,0,27500606558236386128822628289409544743816196134928599620780032
89,0,117286307560114618619402558893897894740381291998450190743764992
90,0,499214538398779967389707633930847563121887981878479314049040384
91,0,2120659803304719380454805761478937199743771670414484803365634048
92,0,8990987335089252657848656348273760287228277648435744579531046912
93,0,38045644037410475349641866747242961526067120624796615431048658944
94,0,160683795093252370509653947715064423992449818133707249715783925760
95,0,677356033868990664276383184233956359897343639784343864244181139456
96,0,2850018416175149223556263142390609313757420172862666572981677850624
97,0,11969384344903154566880132902109209976302374808243180705700464558080
98,0,50176113022740069368433914228239921635720477168600243020714345496576
99,0,209957156018724056124671029602184416316383284940361259952546833760256
100,0,876960523084318743599996346121889661210403385298260447531924327497728
101,0,3656386952293976138753971509968532087482221889527863514337858014937088
102,0,15217870254539236636042417731931866200002197187425530504564619916345344
103,0,63225451769638289733593309280507453744895552388377851758859920319971328
104,0,262224285356784760307965458486900589520050196380529366554444168150646784
105,0,1085683409653434776792466423688871379855947689972725866100071603330088960
106,0,4487341064909308760771801083037799966271884038682406640329814567779565568
107,0,18515552069842622256042267510105018528977297574652099896535930539884937216
108,0,76269682955369021864870732054971184522164302367269436804048420726259056640
109,0,313646722975626945848974941603974489208023922910439740336908536544749420544
110,0,1287682588097081253292593783741525293297381955738502484783276083026862276608
111,0,5277907043913569111623149298902976572677915746653447862444492991540366409728
112,0,21597573457250475369001704993541923780718370625520651951751953525826861924352
113,0,88235598322887953752545656183796264864476477534829789873812615813119069913088
114,0,359901443905943001283846067269140669166690515596821702424489315196508758343680
115,0,1465646834173470341853004038631589770443658330231947532019112251485465048252416
116,0,5959174068187418845700188634110326552254548506785002824069213780911118857797632
117,0,24191271325379198726883533080990696664787503558971725844175038937487497196732416
118,0,98050990178399675942811516035136229503142939950773803259251430147325378504425472
119,0,396799054822905240746578433064817776218226759362141068589750612004976730258276352
120,0,1603316313482429283882595057432187523729889475113123579908734920354412504822054912
121,0,6468479659427622503154875197158853214785584225749822839266732427460170415779872768
122,0,26056977336243621717967572983218179036865620089155158861363836931639107068675227648
123,0,104806680003447963794281805480634579636666147802020702465077975367109358499422797824
124,0,420921596944068252625457026840383336978499676400726391284126994209812845167598632960
125,0,1687970645675312095988332982851449635081648626632723866714369363927087278492382920704
126,0,6759024753282830590486333010913413097156579768862099095964474389087739086516493746176
127,0,27024806815375017120389791591273615847326130258837274942820653992084822900994025193472
128,0,107895774897358937770488941920160395051413298142662892252493871840635483342583174791168
129,0,430143478207044559343865950436851314557587644567836985419128447927696101596037868683264
130,0,1712351886776244520898048418215699044764553165108397675228897157494252388754738479366144
131,0,6806864258694437348345130178672642745533555987937480936512126284754822703862478968717312
132,0,27019612554660387603467955825604380010947577459276822658483751794255124670844090873544704
133,0,107100766518005160556465168467920305443255396569755137660005181628102293741522875899183104
134,0,423926811863467358884144839236015869375892652438119564679118360173037057277257159922417664
135,0,1675627094613216131014833953871713351910248257062158652773405901384779409745616793050808320
136,0,6613864866993477446732121821864471861233607820114610576543331994388911588055646819126870016
137,0,26069212825923979815406327420312015792669987368606846156904073751498906676170259959939858432
138,0,102612037928409376766166985967119341661048964460759123940938689163709497365381380401115693056
139,0,403338405330609777922848804305738833219202523426890179298424681161169473958423920117507162112
140,0,1583232585397414531489026940709193098680865630732830021211255072373504995807243712799809994752
141,0,6206213195101618048198722449295868971758513479729285783158344017239371407092492872853573599232
142,0,24295082437629303146483988946009034876171603610062501000374133932275052449031183499824912662528
143,0,94977910085638267596065894917862407179979397579409463345574880236707507437788369715965208821760
144,0,370802076474737414655877310925952163436591995231557731036715480189819288681679131844162476834816
145,0,1445705178796938529730170396608079995456648890899788996455566981753367608518402624392430379597824
146,0,5629087575575380677559050759147024850955241606777767764565042428836979882454118072393869008306176
147,0,21888679746506678771602850458393439279050189054994241982174333450592828991980049685564381036806144
148,0,85001574917655578783434735698279372009045943985183281888082013954853088767006339957475572161970176
149,0,329657316401954491483259029123252516545247485368272678770230426953282796948325134637602964731068416
150,0,1276818752708708336670702176249758050032263606360533627836441558331551025318070934233592147321290752
151,0,4938885624193437199638635594841489370753298014620713772908297287256822190688301135146529911436476416
152,0,19079378039721279146678430427820403137726164520420565708264240826163766258639283336739307250583076864
153,0,73610078801347810325003420577777642821070083561798985758044834280843313821838392733223860110062780416
154,0,283628864257520721794631896174594931991230941336232659578523467005599856051919855731014699900542648320
155,0,1091455025069647822978479960796558635441964769069764822268015604961212890471868590423154327040177471488
156,0,4194746249708792186250841977940171407939748345785528993573980801247711646981697595656128721521716756480
157,0,16100971639822158259756123613991400777204833135706997817790048899885138489661964591895046052354281439232
158,0,61723007850762123138032453148044883127449847443118081384370705114639208140989577566706312960604559638528
159,0,236315770747262700636142737977850895055894480678447373441821966245942675435432903489582708637271528046592
160,0,903630611754771610179503536935800488325082572301280798096932563285805780571235041268513625994970907279360
161,0,3450990031101207034211000322988720968413237399416845921109131977432811309420673580357522592956912303603712
162,0,13162940221385018958663145970020504159251581747339600910615802719305697007219280184290166714487081407610880
163,0,50144164554559003577699827096395780427683668516297579961987895782296221667734686094082666990404086376955904
164,0,190786653215470747692796130426652416054420205541726658457298097465242787019448433942535496508131733592342528
165,0,724999070965901613681309749023006662226595638394754917083388440716668882812567747562404003327473670766460928
166,0,2751633029370362740632519878793779475331798721363192672259494931518342508102691848429379922420142121144025088
167,0,10430590011782125679004341126516929739533145471252887994134016889206723435049483227398749726098843433166700544
168,0,39490641624081789881314409883860009932595728087403908359584602254466536669802187774164513366714947549960077312
169,0,149330347804388534868904140348740839465164671979190349280232713225356950428361529941824831662626802408550825984
170,0,563990925675315197491919187674587406343443067252091611701653460356842460224502062440386532133547018186207002624
171,0,2127491602145369974037830349016939240105448185589443130268533395842711233763783049505589235065932623637490171904
172,0,8015614081910929793008495853623346222097762644953795938279021418997352394726334271773130384198306602410391371776
173,0,30163409161353651637527881760809706422854456499788538812531493640922919943305526345310950822934683457328919871488
174,0,113370528204336914857252914097984498236332425052306673984135459977039638408234011089384690361959647494300757917696
175,0,425595902380758795042174968236032656736459786618688420394858341105125503744695433356640623512888718109101453737984
176,0,1595782135209834088102220062878518802811668057307536115404271946151713530832071027611917634297633190117617759682560
177,0,5976266958404289094192385864502142476064360162167886022314498141899914501581946664240566363579078433603355074887680
178,0,22354651911547671307558865410369209061250332339131620525597147051823249468750319434426887250143950117425642379149312
179,0,83519644542168043788287666052618071296335265391461673529187655537645016119923744477786784054917363196830148796088320
180,0,311668853697191396806939542091648342548934527257212435524145352042765870505988032103067829774331549947590862230781952
181,0,1161671719904811946176372730771339553107714795320833464615859596719143388322728060183685106660771736548514477618757632
182,0,4324738488609318551698571664162631057659435636269546011934407376985520665595141897201268835945560045562367313398726656
183,0,16081399845642763621410315740745212398412349132542996238904378274977113188401091411393619839135477999547500023943004160
184,0,59727801058958194621377139013396231336889627474644064221171427789557851201064327806818223783232172959618351634705285120
185,0,221574082867756667371652696366190840787984207838312960561137827535983701072307688787943606352453305306072677432055300096
186,0,821017104284202844159176528065222247111048610310480101774281497573488063351621436675936362382802684183483088650532552704
187,0,3038626222539876689347330514498827737688629660315097052850628563010373676537004745414263017558912787684473884210960007168
188,0,11232985078689119370098521340338275485843494151832476293035952418001447066513814424640055650749876006570189021544513011712
189,0,41476955404404336889098538757259033294470437197908880575341928276452729279202685029379043568646451927591451925458314067968
190,0,152972469778484631869457722935254868586505757565684550758331197988088932712104965035151614652626699356084609639162360889344
191,0,563527758777444370113729154654678769237754539268520323354316090495030329115367974361529458747560291988046598820122123567104
192,0,2073546850520767614309690849402604297262690895469303921358001126610450258030682365026231080449023838338844094718202622246912
193,0,7620961072274438020024345730159798655534644329979581531696069367961580905346653598674114107129499252453157706372124675932160
194,0,27977171640125404403259521220145262243192976465090701681640110447828155207285312270431010612123030432164297863735758320304128
195,0,102588064867357567376544324370219818410530340019703840291371267558105847503343513882679248825258489581900662468020139924127744
196,0,375741877116947996618363608440131047511944877239127155652360854485803431356929162066011007427870240292166502978011808002998272
197,0,1374620558649536724923196141657845058399294580265151597433756546245664559666537034196655934640025511121951730288609717183840256
198,0,5023162781783272403652595700328354256906663886481249316215589100081975597327687209368431000576053465764003703452226970332430336
199,0,18334688588431943161020071528461378358916878493485125589809219923292611716172277607506044122327659614514690647343797526824222720
200,0,66845526865515932419213243220696719324799827563805995764915570347786537772246030969921285054478335534239869265970559117453950976
201,0,243430125409990488513423508109953571048925869875749481833976225527826485544693096253962975015787933227362210551664024833830682624
202,0,885482659270250569925998466373038834277503202439922566591641154181819737957047121403190967125929167361645622301018784046879080448
203,0,3217289521792965323790475757628108795635001407722998198868547226823841751800347414683472951213553496903194787713984246692983078912
204,0,11676296887657325152323331096434649266754834186280811833922257910053012204961147035772338194669347941245384110984222722882770305024
205,0,42327785064783255897781761111174470567195141299506139302311961364343202579222945044572206209161061723429988718536285431243923783680
206,0,153268141296173936350901095014278826086265437640551312978695911001302100023280904756408469257687368548765433111660423687843539320832
207,0,554350763157080135308096071188148758728072487592674046791698949727152410510771736922817974923754690510304625755730315848373241905152
208,0,2002738624537934459810903718282050382946422977311823083111852420048177237329232886685855001637171535640073536784064382162200460001280
209,0,7227218595252821858706990931718020950596689068284318143892530373386255546640487999378757371937245262553042800891719899911894339682304
210,0,26051084293466907188516185975374711278663275498703378733565458382610449652250572149993913044905161578526127994426937200908082379489280
211,0,93796901668561586890433772684533391169075408500414320565688103842697348439783737788760015779653130626203238099172649660264709793775616
212,0,337333607605539440923976064985868195786242891250167385952093044998702924522936682723465346610835568232120535074630975518101957435719680
213,0,1211823828414309568854650532399115803673280094155384553761243488766592301410110270057016203557906974663913022163116365485465667180167168
214,0,4348389407234137323793652420634923465651415140256601473401891643378792590376893771024171726084953704681440766151408109209018289017061376
215,0,15585714465342638534806834944562769514417162200163159806171815859898649685184038735571522364518315907880343426434504946445682573221822464
216,0,55800052056108185573087304795371208809248032796347574455414996668021295119291809779519258113398199440792969393805573393725468737299021824
217,0,199550273523106205292809845072595496672498553799932363905356615114690171912262498895295982627750501491145576062813846620971457755117256704
218,0,712820357507600452556128366427666801651669186808380829269528316633679547213895974279856372132737485931417437846032446261720555360712916992
219,0,2543420043804246650412895772700665646656039388225617774360134631649219639923653842045117637993890807030547713282938058272012841574182420480
220,0,9064972147438654517737036620329347801884448139691003153994789060549299939612840984232953929462294646633262905885862657378739571447256055808
221,0,32271963160484142418467978200254237476256214214402140226354644919317135045796720304230668235887146648708102234633877773028222693829934841856
222,0,114761161772320289057582572338139171879245171184106962486145308508882093129579084418155629176531407322656513648562640094301476851976549433344
223,0,407638520694022851106690516394497324847180360276929104170453886403249218715431654437192720326860534787663817122971334404850553234335205425152
224,0,1446326333352331142675757180750383106312072032488381231800517316034672936665107809530626881910921991836302584230262182182915773976785058791424
225,0,5125877328721870961522619702834549315104246574822025939154466302432784837416015432625893531829419734793099022431569214290745381311825150214144
226,0,18146003110878939191104334584269824006852793818937041952771057752278425637768238960974327459643133838067030213933009101692288322792098141044736
227,0,64165946720036202104849857924827655588712970886844383801790597233573978129638468188682146861894472093301805136476363941904400076092851267567616
228,0,226641302050314746641167118953406400730741933135428306375039377457955320380984581142561898913842089243209434548923211727238208562763512498094080
229,0,799621163580120942507814186243847002802810620709207961746653144556040642208131812644871757042316855274891937915562855828908996106781447040270336
230,0,2817994894699785165227317116542345329052930169644889049041845434008440964424312272493342676800275545821090958965627770556401192943678637199065088
231,0,9919886971627777754636275648406245757020245069283016892508169213585642138744836176938912011267555005958987838352109158368821968501062361822527488
232,0,34880582067539438792754925563251703293707564481882492022240313225307266997009072050767878817482825754142955579936622962253474069837248513313865728
233,0,122509863507697704566543035907143565864188427293316028914558484972102248807509570502535766408742290729165008967129660030368856296020750552210079744
234,0,429802118871819293922511969428313437104542347519174348519296802174448646704468467641368271415634907354255822912399540423990059797457185492967620608
235,0,1506177028839578542109786841456892671924904240540841423906304811155032557866883303010607424683058808302550796583135178126303639052615089658355777536
236,0,5272216583930556932049675860426934910262632006874273317589833750826747752121309053830065845570169390102937429960687359886909546233588551061480669184
237,0,18434016934142394951369656045211128022627365088628286400432979474574535216755440892549895233848940169938110439646358742348579744166634967288334254080
238,0,64380741523024197799322898894846959534034274630069016425381414418937225544351102788287414182135465583444810955424344912458880293246937799996685156352
239,0,224595439448200235345651511932074101339171372683845387188260792991308677736418922988609590287210832560635745698309010008170745152401253857551091499008
240,0,782626498919131093298358272291827318710237627402314183834198602540481642993418682102284334346331254314951610587372232160317644992080707031815650541568
241,0,2724058851953553904171694495093542187101871095396324638543280298079808024733500909181913775731266728906045682581234832100504746677154815391392094748672
242,0,9470793951718715779169112477462669717431312363286011801852422768433481734151432286823719182407348082471141650927314599551077741022910905343952960880640
243,0,32889999979785371331375410912178716128066976561109835389508671561131506000318309879158283493688155548126093859788648389456397078086005360447631761866752
244,0,114090251078613793953311743793348870065695061910590888575442605087963142515896938596899258240099646124560056757831734430544466667666614579223148816760832
245,0,395311953433348353870795364508216456979245815732012194502433838006339646277144246366584040041832557592201762035434793785088932598107534434587442977701888
246,0,1368162404335827729703704999687882954745094503940845049669786168086433333318313559189441807627332598493610751646921182554555740483510744246768814327332864
247,0,4729782553835147838558527177374782446711161743237657819151342839136381168881091834104421803241514530238075040614792532784386357867638458061544791469981696
248,0,16332400200923064958967287790378485718950150214243761757878936098206532816000271732189329058115898718416896797879786046640586923745999580834254003013419008
249,0,56333098631085532459612974393509553989731276171910903028832095432540003213003302760568337025366585326234196319050343326208688618353437615860349589866414080
250,0,194080323143361548517934860919108150338153754020574984527664929808788239263043827744836550019803024128697551349979467856791816391685022190373771523896901632
251,0,667887071095266900656036172983864905725565314462373805307364997527685181573355523097627966121610941999656447764391473228259589216084337527289912081409638400
252,0,2295766056754939013004715242128547317436100156206493263904888624472066353016162895701711023048802475138394661212096064216853129121498125777326875126674751488
253,0,7882330928580234654424118897248785377503276675480830440279326207834619349389280365165388161359044023727522355148108523702145714055810050388214339600132341760
254,0,27032330481837703444728125869499304881526047025290197833894341667731924595865831459737788195065163047299480177537906525336299316542860176048746651642518044672
255,0,92600520632281739120319510726800779050612359435320928042559986679852479746374624359600319700151729065334877342816318936618314822699336413427090558944599343104
256,0,316842758249578240521290241605033783606252785508925546924093439770278560824136652984659952300446830812546904537564515995870613062670575170821384272446373232640
257,0,1082863796750437326723234831459553929879910106275863489058194606830651678287163738366564366014091304009844056893399897246454748940077610486995109787135167692800
258,0,3696603113542314368074150976661655186664269650616330827181348108889291965077904282573768389710549992838196397208320344853334617260328930863121629630236633071616
259,0,12604626517145216383914596764748949081564134581994199010260491759988597203118485213686859838781346071812447534159572802844975903834773918053185043048983670292480
260,0,42929368820080802666023798614978668803926764850730989069092231755550656923545050120086025489044535377130820294724182369671388108545312544416622867744585643196416
261,0,146041256814999216039066503437454344288876059346803109582800499717885672598662047960273948195593733298144748105429217819058791500277316852323897953888326941409280
262,0,496240612291610502254506149462001934101346596561958507853100930544358834718007067305036782641945001144836296444745179562365068568574225622070602350942520401199104
263,0,1684239506083193135876474676954799694137037266559517701638704646066701014999322324937597925506347712259866540862956001522696479863771539856447574085269031089078272
264,0,5709647460228874415872048876385214222921008729711056025336769004384451539617497918140797409042606895490020253427269216988125164828404364489800699230620188086894592
265,0,19333376211182046733385963616192740613724715412744242134792742925847707189430829445071172812490480445871611653116716442623006563684422329429856468724612690503270400
266,0,65388009212795654796334644839698067125419814162637336685746545919550801588284818022774161900115691962410633092353572187021847984165118960553891448175184959770722304
267,0,220891775592975313868717907221664694401438917323195754938551998916742520860927602776219702896569356373515338742266620315400856297257783440773830397249412753690460160
268,0,745334082492742852141666588897297198784634527200957050106350369495941660264215493083936017212171343654270690812954181160825426214921877463034560952015778560071434240
269,0,2511952240297775536639164065964958650776864214135513280573160674600998046352877533059024240247888632991521217226404057767476751056153388067796909666151443650838528000
270,0,8455896672398977959738321283778521969684887016885297488116063494178475030063073412376763556716832572223123218421393209195128981135173815429015029019362729776746856448
271,0,28431171309155929733629949723159405701820815773100867319255231972910396409693628118879678715003312804217594056837284718520877773543046331372684277636284727375935045632
272,0,95480680676621349646339140292187517601325134660154519176518303692843939672399901754339535155775811251711556622761246681943838342396608818503421259763457373634669051904
273,0,320273330537822285557918958930977099419570930946927202425064379305206929946418425910363922771440012334835219546993963103140680352814379690898945454478356491085998456832
274,0,1073023857697757614137898716751256303932452127629961333958930164123201445388562677916998863524341047165848847696747254266744109847396389326116898864915029530863546138624
275,0,3590708096440992224028131782559115366770946822675634076136654380861630742351269549441549870171915387890895255404213149219308249904477230266077647702991090531435301306368
276,0,12001394261155280497048592036822954822681785297751452216271780767419930238846409003371373762741691449888380923582665231203887607122504477783498842612825869933972455161856
277,0,40064793981952046442484079007591102694702246337277382007453661258560680783664027005151102039775907408035935729550277084765862899995509610727750865120025542153755516993536
278,0,133589533306959722972250094597023423472300863437240268627267809758057513315104363822635318194760430276210935165442845540272237120650037058790128295056701377738353210818560
279,0,444896437946856742511102984735976004300050978565158741529327063710966964551897865237424602931987394363662960097260829035385505991588998248201595735486604677965121906016256
280,0,1479861393255934516209266662866110442857625099761941302230164594823739768038453562930112576569581340537318632486747718579880727137523354401838037024925439113882786232008704
281,0,4916515085320992867914580662296013850635566524904286275610723850228505480380979403167954422406793404759221725741941312108149297340854572304886739050782533664184126912069632
282,0,16314227426827713944195910604208745259953415489402269779035116834578776997819046057053874837836787241732497466329922683958353586599796873206775468642981671084507177431334912
283,0,54068832791801553353652322212936635047864780206513654052831308286024574946829117276091807279919572066256686363895356685279526925617795155186443937822098240701264199669514240
284,0,178977046038612344176028072911186293390056382066788809161021715435785641988960613095757063298217430944284664522967877934656436995379987477564980176993852523369213522538921984
285,0,591719686152698596317923223124132218009701194509627369475561295121181780633855879671988158875875244462207970359437363569737563557240378864977855191765214760701380863956353024
286,0,1953896208545932973125207873557603434305487004476701884615246152760813019637980810754591491479116861895340034430313485263874626879156708459129677249317252090336204665791709184
287,0,6443950084085094832271240591343046526284842595910706716270678355840431837972165996886515557487396641114442015555492510642963360729001542302556918431141877420749850849530871808
288,0,21225915614110200721061984022709440288508496251519744041100470955124499127344566499369679549819847261330822696673561672585386584273163712581485679731490327139089938274584625152
289,0,69830095526280874776141054990428452460669983454553505197563970708316004023301501301955275647825449247421150704031787157434283861056522845136976051337615339890709368138687840256
290,0,229445260422090653650547710311012671341574651831137744011723019202887500387013350142811006325153847884274491949700443923929246157590561708257711648232565110698127315429329207296
291,0,752963767268028171778769080176469811169686932513697933161946689031019629915525710084117555515860019411080122775479830477750477882716501531518461761915422723201999646813283418112
292,0,2467890258324065777869899426347805959191832524192107206092560655063483662291614462603098617620502804116091092839512585774266117097298528462202363409701485872081418151015869317120
293,0,8078534741750558289000801804497874374435415633114845608090096891768123704463160225839700793927868738394053935967231408143180014917285646681637839053949584372948329060448679755776
294,0,26411466292394092995023082375628391370513587662128216841479361801315056869837180663531841321498902160329081965706520944368262129437239349990878050676388587186237484157118323884032
295,0,86239003364880487988990324046100219998608194065482833942267739406365038120576173870002304184720993028015345115810975972576310951111979775462045117552356574074798745809509939150848
296,0,281231748376001896618993417687451714116916203845713540202285642851126027275801824241441022736521015426935254989976834957344215469537647880616942153970785159824974629261266279989248
297,0,915951399683306604110081143047268203142870167751199222401085611329415528294872629836570298736116665145407660526119838550800026772477689418303341408425394561080571325808749873987584
298,0,2979380745660376499024919959856873478752617824474171854952172715076354532200458195175156892421580102192446681591820657614369268603931788438432764916999081925892789607405740386942976
299,0,9678834491822919167940859552328772150059450082860643103218591448820063500559805217103499164140355719900754227305707427044906904639616483253050483372951939635565527329991704658837504
300,0,31402306644358011772432683956662382053548871011005015759165317741793805601146887510801366293138663468846922575474439489919551383602624282980279338246573530256372701239936804263559168
301,0,101751161892346796759909442901795388278685215302999138238950318693686983660792404406869037260847430589640132807712643500353219317544720437817815545855943539530236258707682502373277696
302,0,329271706688549659405486617714630486579643898807133331629707886806803095977545605837119067181015177417718352659863767131533231612815720334981534933896308385926997931055790044429156352
303,0,1064154027504272372187317868841943678463388170653216179174509945708166546377415639387950006586612471732763432051575354925013020513018919161766188985273763347242214827910687697322115072
304,0,3434688857863740349247781558513232094210126603365114251987400625931502825257618463547857828954862489821007085226596639589130439331044846989658696794612180462883114109877346071690084352
305,0,11071357814188713224108817899408344323397326397676337558105875384120396312829922685774074201038077096778762209726107968535164893351636481517947561609693909945245047897305315171373154304
306,0,35640407058476418150126500268492224751781458746881625480153597914370036480831342679390011716408003082136775019859699010943887958373017261067829116148534395682752238754774722559839567872
307,0,114580409493863319739500886649425393256911639764065953399350423080516435843827861836968672772986198169733824062478401243967944603335644877699359238532812794587294372796947938223195160576
308,0,367876164329323104685693952736614652531367130284326714885443018573731366904009832700292787315894869579843469135638130306618972464668986516576603703669625816890364348640342537305900187648
309,0,1179543793820476726372287938271210832066184048184026617945448144457455342144936495138424475061349073540647007052178690414399203715947668191891765743385572961238007722733736608101967069184
310,0,3776984143122043589354357155990021763861343493966517827314478911237525217477000830282562678301434040865495378345248642068300941593586751979440886490526717987525652049671729360042125688832
311,0,12077927267534865491263310868998736576002701856133028973309411769959024014233493280156341761193547085999559350806184805955146119737628448914461586420194209427119089675017493475560240709632
312,0,38570321122956351964668898879821676031694828311006674371993569111373115897867320833395502663069212543347407942056497305077208792242850733987514314404181164332268242297815921839992270225408
313,0,123005657919432359094656426297414390270138402313926708009461798306390962345290801651454504442852116487540861196003688145863860627819487141257202515968775760825456311057851221256408047550464
314,0,391746618091703942453371326315899999595141186522207409659106194915779842713737748821294024423007804172609536785432356538389249435781650827484030521437448148034094519423468154334169601671168
315,0,1245922574545695649435357979855478134565841605284273710375489086471972005209881100151722690033821131890879778682260375678020968782397410499013339065590910543055328837020406344128708680351744
316,0,3957124667994089239606561736640303566520048129928858251389329703069374153724767928769593493771033707263169452103344759442126290607692960146781400110376975980758764101819520497256016434429952
317,0,12550715593882656553697926320404364619680084716909553230758766275376765890307003550492139827106070329303743663786199774699988074649795003298024812267429476589581275960909749092538581700837376
318,0,39751586773668762586105339594966045790256724084029351355318999258256889063230162160303862517546184469526922613263730552975793212680384411629405442601518332012833127799767718794736864411516928
319,0,125728800357616793937012744094113549378826616109922805451809791967825026061186327327874953218700810350708699857334760487626675073340865676184597099886447683947084089310267826470711914787766272
320,0,397105992041803495353810047259473679366651299508198264053462060754783949073429835049972838504869469951544473746882492824582832021278219178889286466790332810291998475847021790172455033831948288
321,0,1252467502214925214871390610680462603171642061238310953562678167083132607858629530410249439583734154809653781852947566719018366977884844313217872449391874607246880259405937379156469802873126912
322,0,3944680073433054619218557842112561088382311152535730396708707515820653268409425791331279193972900529842695751334385199626807072612267640768561589483482484287863133923752031084155134615845076992
323,0,12406214434292883554790185626007999944425510645096443440761349327810443486185008434499270723603501941257941993945665302721997271229048137943630882124445699999282673227473389404114504215129227264
324,0,38962407504413613054871026309954472526749735855043301036117183090547871512053315961894347850683058841404816999592040644489234867380332700380380754397016086720763013514117843668308406463799230464
325,0,122187860077762340978245140622932444580185610579155357993896330517371153389743160972945850271943866307313678666148934582551100513545594470554503878290298960899151900562077879991566379699010535424
326,0,382633349695808431573005785752572173798834852784364180918480793413414634750239519370337105356383724316219356710398368231686480574129763752554541713400331453114218373612436676698895520221821403136
327,0,1196483518446866192086515916317767951818601671181467507113161612975676567863445867427593821524397392166600474961261080487530869110416374808624192895242118692764161660500533705530395632291278749696
328,0,3735909572869337820843534626022921415805807853771882851838814134142151251733633924177698917580898511552597074044771468471603250087760692773861915386674378917178253534457439311188878421086082957312
329,0,11647916762778910836241384440563120342073400587761033813382247980170807481688262773109557238075095234472129148646704981101682519839169765144156150333295241858114143880900177214202743826728125202432
330,0,36262596776695062504599657238465635591645678841292047742304200716812214028926909913686796293675760209645175876143938158080074047824723293443531117363912834063330737657569622061635529926554010255360
331,0,112726154480272630615235970239861228292513954425733072771318317442916131713453202980669835639575613892969791065689781351178339166588124495162383504331483036666364311934400426023955180336277820014592
332,0,349898416038803207624786920547917679794788818348990500382285543036536355330852518955159391961125247561563475055635181276857742573552565506879552038876982854954746803061655122343099932324860711141376
333,0,1084443761951249594632183056483513735072786055820358911786127860821859977195304253684290969887482654915647419587492746209417722996100542759332558126358601526534502301846816521941505642693433590022144
334,0,3355954630942537883318491769707125448317180799823066154813681647794304767111919298862616742718063704692684855892071524450679260826576715629123562473319415503630662972304707244490685102258252761006080
335,0,10369677769137340679771326759522715691062206699668162009771610375594301703450745854133166313527855213865647725170634129728468947749337120394374161705118919043747827381597860026590752591088819206356992
336,0,31992682305987082089324682762921960985392466223754938459746015680884294558002482787543437220939277581108610201760184088706164714071860730839102131905838701533594038038007862431710722594979961827753984
337,0,98552640706425108270033241052415458633044800805244024711350285804844641591382313518409240624633972403331457216133252582834129036797778220244561930683623022536399321827806878167832376224854265647071232
338,0,303119610926314035943426441464251020057425689692480849862832870128249307471189317951273553387337905193882475742278995270422563379988222529229847294299470283739554968092838635323850615133769473344929792
339,0,930858835675346450232640903880365801321463759144074544725255263394867277039587383878869921796528801549507163368925457015361838107202736898132639622140187496385320683855489519795462785999201036077629440
340,0,2854127881402841574587220374405133637402852800749459275648456009711629706831787701466996698686347403695175122241308586158979956389668382241050836431591001632774761599005269449589537298589960528470212608
341,0,8737326371083329606493573831123818269008565303816084127581158956689211320072869111979275037560462621134671886246278323502971177022461823129520732295686598950201878842971222685068057787542359247937339392
342,0,26705139787167016978678391004753703956156698237267358385530016543924410095010227497217574700178963853677906293754622100316645564388412329120893791612206797707796979760011660070258079670953497864488091648
343,0,81492544914962764967507498367263543648351367832549312832486810005509039582784615227128244320809645270320274230215675234413286740919395622558665234973988300016061740714124870099303848495884766909883744256
344,0,248280787861950748417180643820703864293664737288226906851428171706453112368547314787971354981969157617870837120158695301248604620256301367468168769157295464384765627590428428205466504890115754170020528128
345,0,755206917474991381354030384253972109851152139886748662798799699441254180905717880133308089158759673316042442779840455540646967863801778002235060356464198893640759000509169822508986443918485570377469657088
346,0,2293410160100343822901067451987128034210840341725383568991614313526310122628461506245084623798423902559971840002690651772749836956286900563567654949323753581032917337301936454381353300334711618343417151488
347,0,6953215146646768809062964802203133781323755042604881704712605552495626002098430843690089687855246544854112548540117088119651975932275615121684485984961190668162858344037569884165958351283426915251067551744
348,0,21046162244047763621666994018846915501992926787124729477591342269339076322013199248420746066934919255122778972105920900138557712083449595682569938060569540265118937946071104149931731825155417245616739188736
349,0,63597278710389001057222876354793822296234605823234551019884700004668872248743857872976470188858659028092581162918595117742116405359263421538878641083650443829659577425305578576132916929717476134609462755328
350,0,191856932386225694869900143579682807567333250035365847519586686891166334626785445376719521572768261647746440708156155990905714445142424883828908690820103838015093612939454602719510899621633587645713594974208
351,0,577809510285895755305989773465396037803241527867624316849112612652521616839243743160486004555106807495763650183890951805911647390008619794690428244140864627386096313022651609803941444711007956464359056605184
352,0,1737220279018849155716774437890430083568489704545114006180698744114603863561480100711470818301947320728190670178046768304210202670130764361753805472582874698935661673016726776526533746298697853515977491218432
353,0,5214141405796300318226494097976956467584833367977925495727907887978842161763410557253967661470763157794704577347003310268446384867022357044480083752813273619696640561420381250489539089969951503176944278568960
354,0,15622949467221563085086188156558679712868331598002555700693606524232643832730842662738494030176257396137404187981228949913089192618517008140327351874360247958915250727607540600325770100770839485829068978388992
355,0,46729384455142340137739075634175508833916359273119444896729905328713556323729297879603825838704919043573138434875821673244944559865712946938587899927324310924285100027346775405805864447216683669954855375470592
356,0,139527014739280704512292217737903516552052568595826422540824895977485615684762335503735321192749925277035170468799478971166392896951042430269035062887517491354650319358175069341614834660649763391448010826186752
357,0,415874271269869678745607960432971057579361288609345200074079365113994877971799878987937288524386011881479755897657538595315824959678846393258932858001107889296600121423078657788910956651907223157987945931079680
358,0,1237358387521933012874026877713103368920881914489470560158711316588672261853322610246919950284907838947113382901814497669988239679272064514333868181069677809510416281154930283053319666313178325187147541468151808
359,0,3674961148403902303749451095189652604064486968780044293887929094835744943533620012126003566141689154936573524356251506332247563745236055234161234759000047905078004878757774885540658370545866301194726797163364352
360,0,10895013430327073553066255620395658689743347181405348411276052225198832218420226655023605019866882764499563024894439080658995960418615396698513081689606853252602808252191251625550920327313600002101493301537406976
361,0,32241439982953624343677298431088459515661761923798076351393248840766590516393089087784772792802981624527377654863489697430898182755344836188264071678792361991166034566868912952949979130864027656701700017146036224
362,0,95237171935451070056494152644675206997089818897643034724709309167541409922829544674957338347087932772873759839767159916331006380108068334870767982277631461755582573343657666942166695592654512207034863060621721600
363,0,280800316941856741949830620197837503771194409713805733418122378690225311616169592701569256984980079496806909729378962266555361603382478833104271622476571492778342440031033526463651613911539975308795211781362417664
364,0,826382791801189465110501352574216575250141352781834391855756954240839086211468540936734571378928980018642763945544338361199183123432893187005256598238276467715420419377906639751927260770579664526125063334554238976
365,0,2427453452343987293169529328211420804993449502421917189689313268866341697575059889507744667977793890050250839188147196714769392918632208560116617896040159790330094169754375181618922472810991070437293758265677578240
366,0,7117046691604902081919433191858227789624992156694539854241024933355213393326093220291859307088142641875338619172829867880781953338215920171059231662164472780798761323580244459515000350562849761923197424274637848576
367,0,20826732418522956711597938452918701166366560253896663500578549368968477646268552137782513168078949189282186481420411533709223464741127533271059362671603680231225651397030942273132243441638696856908350983403410030592
368,0,60828612469323343461429169451704148839121676022026494697259219845354978983119848541354015273533584564811624201768142617570733203168332284206607912382074161850882231827563640304843669874721099776459793113028319248384
369,0,177318086724389843266736729460035906425213611795684854788363461230430020493804580485997999869542543987957180279693766620864936468209260314536183955049515536547928215051416266205700782636645026330327442037872288333824
370,0,515880708291509281697790271885996733306061510386928616400507847400168805701689975396006361750252959850765589245244101152837646554893316396242202442140137974376825454117577807412081295463607523858422371995072489062400
371,0,1497922341963524424408110264956422269273008486907147979675910464995241087834817847958435741972582784427529057979876013951706719753113712682218631575034735079640023520925220551854203795334389021123817830551483907571712
372,0,4340757933368008088175135251102988191864699071371658539532713047018728546004659717984418679586864005232982778227212709093461563343711487472698631857917479134647238999560408819283510789933191157800361751640679343194112
373,0,12553662610737848062004445986533559224865026304101842348898214697624339085408755788105446241868369304146214767247137186919935807440797612810588797135087491313864466375928179114902760991697462832551135245898269558046720
374,0,36232321963193104034154124911477524763810714935905730618753329104837091892518651184322898070230595098136935867596892257451025634937976022307976200782067204115968112494696778682292630493027484572570951894770031567831040
375,0,104360170104924450092454334895291376412752171045391521034213855664929653840522673807661787720989519796668197016196355438622577270316085435857048573889459647041169034158911406862461366820762931704769812351042324420100096
376,0,299970263675214882728396914931784524978653307419101196458114185188720591867255126365533115828655935504941895198804023876218817524292643703883514889746893477832668747633393590386974261120367996487273516787878191905636352
377,0,860435285223836850040910939085446061535168961223614474622435585307229086665326242971113633290775262645167525733808087055628586222345467628871269313349700755385607447942615723495047111271615351050419661126235566192459776
378,0,2462897903787254189572342516366194810941009194441558915255711856203377051274751714386491428521667581305219532884850788524397149562401146336546926545478647543268708709021840028849240767617140368309025545942251434886037504
379,0,7034840371320903705507940584813852844586341845981040995146630080554794925624738746134983548077057165654734283342732445760345266901929783515086370036677078998924187852818838740631105847797109776749863344744340093333929984
380,0,20050860465439631117557565770101809303796094789052041867790930889818710934257579882333526238303260008634599705377079421025271279281737573687321208865330847730824531239991008865252858241341582743447739347173624609081655296
381,0,57026121412554284966951155181452645387759846996798556304351547863503259633342061696034381859615458836908655298278832672464430374182818819991971185749857079898019027750648272456590826154661564102204348406620413670197297152
382,0,161833214242029783947289096781448918478987894695748685468253492760999976270704093526577917944824832190741242038553702146838101410006155796302852574244339773604317850411463443212470857780565147985312566290158135303691304960
383,0,458252953254269970671842422275351778999832326540217456702452659173560774751570945395031625456912532501912095266911057357772176771339124190253796413636000948444131947074150221647420583555179606965756989006913581280330252288
384,0,1294724234118654062555180233356418838605318488832297703851719905295749357740840894347095874092517047645002066351088076140570789233803737908991566659603586375001392509126903532661901470829855218470781407805617121822230183936
385,0,3649842287181753684715537822504782921084808969491070214956618134895985673599221200176483611103313870180201506479304256948165911052632992807072983283713397759995863633269447792485912422560957142285737814672140714409075933184
386,0,10265638786425669869166137061833257371315519835257101036068246710290377101537928987809205176004909438834521568067835907930450026350270171380073004385017977278362008882829430443593418740313982334201294121464297979289735790592
387,0,28807327616466800811181398194044813420256268340850774048301407989176649303006838837790344768322924079814066129431802155223850245114027757550676661271554183301275590597097651627747715624720194674012952246631678169084223029248
388,0,80651962630890863400779968422262142675607667898676889018729121611030320170509833096844636523143559865288962827939965779812603554701807847823141788036000477361217679287550647227946926425942449376822948725392036446641766531072
389,0,225274249676255729212330531009737466829913294582565582567019375995684600052636060585677790301032022468009089780182335446064811303414936319269500668148870699905913830209468624444925574917495311923797263555314069876994505441280
390,0,627743572872825698724907320230557439987658309198314946865286229772067449786747480521238619619564376066525977737129010239187036257032149977852062559182609428501200428577885032076531246317649949122962965062567501500207616491520
391,0,1745084150805062353562947330477103277311911195055098177102499785815654519412411795372632413227595021139381366491488976695446205643207871389869019501595997492518330580964382955664379155086721867900180650620169925019726923169792
392,0,4839526885474729336811521341406199091765769760823292723146562688417471640251079839679916134416241896148215732982613754660421487500294014073521581271529109985197930496879243803804893942845697211698447647612186587038623981371392
393,0,13388462859518992684024882808290604901096251513889414528552193463287599832665083506082207116729326756259443575572359461902015150814125956123860176361852859149829663608129846368950137572076756335775943321788288148441780054917120
394,0,36947787476678522678838552177972563449559278609955961368004006401153579266473176261527391477899123012416691548370723373781522697386579859480462293328312081648605865137403541666696803389143515450078514121668422898157284896014336
395,0,101710191289527176806058840288038672922279913817226503918868971813368502902124389005511942413752599382925580116166961135920971050057804367043419054439311512478639426086080712935322628372352697688177178259292647104584552030404608
396,0,279284609283652703498726526887843049461128954815775209183432104762713391036478762594627970747648930172008524762664330689985534954895633183326609677943232655524891111014041066876504599468445652132364903199101064766804888832180224
397,0,764934037764954088465851306470892156642547055623249298043259490804662908373304091469218167298435200837444409628821321685456295888097051889269999830752882827436609470557630293251573443369221639181664529090515810669521232482795520
398,0,2089696127865727014364925246010562188104433122548353743070553164542586546239604171725707719545252807560789799675837499061340248619337158501233326257269818273209348264944628534543089001803566123814804088000272771220083287892426752
399,0,5693927542409064505506835394132901634715184922691414211594843303687892296998094718496136545922606204829388629421634611724606597423984485665138206968032431671647304898545472428798337252678466448883288220589018566852112481167343616
400,0,15473822649144737571758769494441076285714356349213441362950729818637074138594875482935269558504664677195228015196501526808545972543113365786383405528634323296056547946820360875851437632520748835449883075392246502692541858100281344
401,0,41939877547830988699421915258537022263115518022090497119540297413130217008280061513104257566760474284002196529390223610637536882743680344730048906591335774585640510184033182529562515484024033702375390579048020356172229165346455552
402,0,113367167323415280733772543384730877370887155646855146186170197788805884481290958285862351093183947410396013357591510717701771389831741177479460772621788841349580370428565478252443339949483600671555697363451379314904856624256516096
403,0,305607842969331370404943397228425023285854196450238684986765024198443190167234649192800841152459410730859598506436186514744809670315721472999384760115151047210752062231178296598918209121843238038320578975170802460249218341104779264
404,0,821570739900976805776599279740157178106641954955507794007485284839930006550019934783154161480953716942471798252592025057821850895059547432399102493392139900655709129843760999820848372758074018129303407373178944150836806196150665216
405,0,2202493486001220020404751889504262248866893858535377159785433822424939027394991694885299980954328654601013534239226007390120659081566314848728128682852404726349691919118061512242974075450107072414722363705236097357164965734465404928
406,0,5887882847573340991926621918850027461921976110849827824276666254153718014353304690275602686232791906825623647731185138609909524465026274450665149571616343274330667555169307203744931485525013854656421574252610210018275293737519153152
407,0,15695094018035613168213883782368118790955983133200514276522665803777303977476748741193406725129719503313178222273452323993680175065208750831857128559606434648066160439790199006433132916100367377020117026505919445524219661542242648064
408,0,41717089843763313263148092532883669473701032719488064597583921542221996261467589375483776464453774804906636291063669730199319226870649476992007622558701645127836166973645996492935426383099786952294957904726362516314812750320942186496
409,0,110559025961357557763595194143853050837256620940313219486358889494597747573659630593323207242705119726311330516650125468965549397512862376631104595203780151740279533162050100349570916112315362753569157820015501497552859895424591331328
410,0,292138647164283821513998702321916169759134397930550476279122660852168631114314276576260499340586094775743650593285498256570756848138342144625981692634866368652294269956317430001540289206470300540731977956873107954779993044042364485632
411,0,769631126465823005906897996396896818405700406808154486385985249679933615407609509269254084316674804039752483433655700972823419000161349966402223032556485706849551848536707552288583889508756150940306282394566371069968756750587135000576
412,0,2021430949956445969679839663212722012148519545826658882678373610873601219876565343029147302986517233491141819922602245898858352165232315799471267992033727914325430941965820679689003146157251740525113250382942918858870747454792622145536
413,0,5292994397088265635117044103018501667955279396576046242226834724883131919985747447431124228772060637277033140565552665841216186568472111417346168315909395616913175477130080786818959502972071326802778581737902140232225914335755166023680
414,0,13816353238211974051466496816972064723328674105519628032373652396825042668302657366964591661697289978575490231473981882672303989202493164057427841950448980233996082596961207176468044230821286949872932769734131796759360537545448341110784
415,0,35951564589860965186558880957173140252604249951832613335448983185975176815909407364020822051761346788696803116635908686299651878102688567527750733303440991857563644079617490891836458137214106860830102748698009479992407950683466004168704
416,0,93251773553529718595528118231931183755194348684763018599157114744183661038978791506825201314365346149281258814957265424176651605873787099867894608332006725760853778699900108983315366262216266388081889372021240067258725686302731401166848
417,0,241097974958916094415335587822886563368973867141311006274714216237911565342609018939119885940719587670011742982850505416516591827300645687047912764760740931461861767098490616033310307745367791267455769285166555994520235244109016923635712
418,0,621311009313684158401746417916371620823389856359336307976676689117916771871056724128180572805060266668101182403132822474581415942999150982994265701689644306582820141422177643441220287100209668098064024318311607819551511614792333787136000
419,0,1595824276104426288852549386845004368573798396745778554812799703463546609116034551821181077387294332243453359389452633067956131457255914987096737109762089137579032045934121694725294798820068220466240304774953152937732577659686201323421696
420,0,4085100616918855965607238410166011511154534502849646349857095950194939646134000675010503343595591777782022927376192221258668215535137233062567831615201707901038212094249521284557531168122898412150087249898821646690233459777930017179172864
421,0,10421803635039284740825567015707994899932464356513751384840300031625070640151029532917511293067436402929521882090423434171402166753293658677536874189976076786661953036262868341889753715066585253057829363296883002554951070726934825155952640
422,0,26496336796447826762021952934154824411064920992722984594892103643605818775871352132780816502703021066380920387679607371437056130543173514480719184922847223476846626343855577242160892930970112897599712070224257787323686987146779053321617408
423,0,67129219671984869595092693796234086812411434953549808777776824402416873690164175467489940112173311190259271063968187323053854633023223408762377791070861513828839886360247312482232908614035991191995219185737353385678431483824295190720413696
424,0,169472708445981869937477642549928822450055410780419230240899827065200539753203553253105720786710526861600781619090539836436763367186902071845509117696069432449881487494279372164692965540290788586120689129847413935954731185147098836422885376
425,0,426313942645465499765774388459408900524300782990459867847569803945749027528518918028018472144077368442358097811564266930032153204640013396858572941424431661858345192513652438298932819397088634146484426690464330684582722936651530903866048512
426,0,1068512651914991391120558988024320339107999399630033108217451513960396753017804813442564871690607153424106871670265780922029428132169477053235831766580593951766720292943124676699988173006447421615108747773435187021036551857206680002645458944
427,0,2668262260836347167611322335692356890202741747942368542037261692110007148894083581710953069759085681787328256065013528458104656311531954963801240661977547087553729154739684520307799510713085195847662832159376176194427906498264145638943883264
428,0,6638255801621504825616600679827483275647596964781844505250754730345148844037253107057717856817173796637012836352336509851891807296685571959304176368174071784103050513575326828214036395661130436039935455070878303262780862902682669121043169280
429,0,16452562462420785496417422076803255540040090625532650197914759182568181810721872391375777543376398108737702820278616765699730627351565808115198098643753584139163411743932343162142800142088253656899281762225196612755883477665864040934061113344
430,0,40620402652740591058490384001280052407577218156738951422953489325911595134330528514430784588919662354181413250656975686826466114720900160710460906387499030912484191912536044003284095613551903951192549606353100724834015902813086484809029517312
431,0,99899327551357310449066877281166148141802339853370890888242305591193376557157851156199961455825641919948068867518887930011614749036331847433099861431724923609846313927346534652479122311987985230269417179238402611379084043875543690252436635648
432,0,244717288277988023316532400899250154559342217678872448578291144701151562348277034613339875419918054526661254499485730736349443374646747662842365779158787004339811250233342472233893121288804161452096035898801042064764618522129617409115095564288
433,0,597071142423660916541230770217279167481636632688838463596566836063223178556033178347026757344926609974992125489920610224186490490128327597190847238158767563953771177792544592045510458290467274390620377614647058669231533377958144088507489976320
434,0,1450848140179864720659513502009766913518082432352397858988354565334866499151701402822019782892269371733960771475177455800564241680673995932565688307074422784586597783301861182788051371377678667902870501500395650846302682785988603507407836938240
435,0,3510968044755756470920125030849598388485431991197996970304741666688787225586573102373443834715031342442573593954822076594219182963864336952471050036542962968992590346878532316690474822932745253551201150002360056341592321782985531225522202214400
436,0,8460868005210638025215582246677827087149009633961912561080793792243161068198879349792327387487500525146047118793772442517532891281830903800161921413610545350999714219696165011309926179971984234547894089257617057894247284839558838189825472856064
437,0,20302973042355363153590126889217641777981361942803980870566577286234667214683632018414403454441357324113410016952668218420243575101191310001022399146566661503027036666646793051460165533352294456884648625957697464802427767340629601511137041448960
438,0,48510309024847076754375152753578238327440291236542071341368952066086032600736283267299321731069100859766925941798869126768908118256952497756719175489619022277629531598972075947126755018862902357340242058226043018075014429342729233078326057238528
439,0,115401269319552753447031548302177620259904868941683647035340811279452160610425595107255100339515003724678943242386811347057848072174115346084541268648029692103242432991591197539859358387771380192287993389196831888472501239544161387439281588404224
440,0,273313548491186967420434861148422919832196391903088576390633186211159763961835594963092571311644246871018405388692638828273157455929219700067415750248466617162772036182025603775927426155836280550448649469823725801850477460960094127622142635802624
441,0,644402289930245167791408577068063825629797571844574399029246928651692565464310947789328361943244422302973114449108634295704831237122376120962805539263777320606634388456371850122721272410038299860981506244780233406200760094265275288444436750532608
442,0,1512408268708054171028038133115109123240070383857282697391903622015208485079480136616758965346578504153317636156972608274253400397410251871044558730026724231333711089414031020892094561849343239588254878946358308856986222311001860694686055868137472
443,0,3533191448336025258747856414586528630995984644103653377716386700230483341933496637085703975137566843112069497883165025957456958270617917693987541117895153039936030168544544412656872914096652118676504588787587122793348462351293969865017958997164032
444,0,8215252945343037024678080612071491965167584766667281882281305832238767998835445629068849337359236997746864949152956763802255330846151356616967379692761929186638622558581320815741197471609643677943018661207901901644624044177688910874858194290606080
445,0,19010747514755440910184192766431839744069097923083320079957150725758665132303813363361495027940415538757937099740220510566514793726162560160680883144392983347221139704588069528128282213279822843089450867319025795228064343348861121028104953563971584
446,0,43779431904606212125362114087747064898207893798625692879554987536096806145363117696043686043018643703637832899652542266710079967726789926274434447842577992707239580746723354222419066902443794401224264301560693606616404153813495710986216817192599552
447,0,100323168690906788265320850164864792830566533941785334132483980773300999622459702891609570910993647032624901116043745646123711822810814993111860484464718469152359527045510684625441190927501374403472975729390957055990074409037162444606387506217222144
448,0,228749093163968993374028100073449843847613092108942162137526015681907711108802314637008781188343718764820936470899109161140056843142993482103380853821515533387779591947490639687863736273799947066156881106325658803689141447783705033652221113052168192
449,0,518932256563864849505831080939691783927549551453821463300982310552831224621910702195631756727812608536785338026800073834640884608360355609030769987718189149211719438513936148513894941354629076321316060140080626364435343282598674433702731306233757696
450,0,1171171513098874205409124140165515301705841129317076773149950919546010453233684947478711851473671145226487637911978274707935010447645963343783899264729061610871011625504298907113132644742881003983953778619009090844593903933708611537709622085774475264
451,0,2629381122954314856931109711507703785968721368360708338299913972608229293328063845444070326811192242966524456712949447118719426944110497053348808042080347766438038927803857227140035385571754665080422564553892904855003904561307234094504216217935413248
452,0,5871832891563295405284373189339940820569405092600215581330414246800115983369508671304014843478338422867625604274594755613948146168698082886120223739908674871911353044881120686857139539189355136209739008531728560206001585521815001777903508583782285312
453,0,13041995893726225766641782075685212843825892056147394214864283955490153439298814457036864700548385713438206122447902456905637190641556740394134860703712279133083112028002487581515211400136778194695484206060173847828885327850093961086886419975756578816
454,0,28808919780507612143587070712567567484120055467479691962009340736837313206590100019105772264136151819842788274484323985194988050419630334121921258858958243637593808736221268719473615221910878403589870551944320532049119438683982268388799773810960105472
455,0,63282543975590108930050842725013142690639490647522521367147278669488805248968399381268227525150159119775909772320253847842063597757615871407188191420317720488622971412664409040423224360637722503986423331948702520552185134440781623031740746187094884352
456,0,138221492789395362288878198439495658364928315678657892725453226584543588125741119395991034176362430543570026452037443497357383238947747172906459175074463758674045792762900476166018132705510485184919209687591112281924515562130640928781200020975627796480
457,0,300166147683923194376150591781490579798748334511673097783421237291743792971903686625834079628265817847224818095983310124554392438970885252194469321951275937082198247042214696685328508303714387633333051045286259178413710750013815629524666099170203926528
458,0,648039127270857965927371864899345950972703265640719780623970302086620663233593454371572778126771760779815964034268685231232813233328802045150565565949415820646970484482648629690518623840679130137909607132492779326647653635450003138747417306740971012096
459,0,1390759771999766321499732433144361370866058638733797242120618653644747321216048920275988904586998793115087630948100223363392582851159676745017791857161648288669325264124911170017419303638695386393081948700278971655505634618165828507017695468631944593408
460,0,2966685042381750532621665999272729884200267227066674091764014719576125741741450587483937395892777108681438350682351243824149763969709240861869800861570250545747547727725902800577600363825652781446091977240071153714297236753959542429240359186168440422400
461,0,6289487956317602462320637147652003210917768275659046725836354609210273197609995592767919620633433867531067577463699487564176268038405702084415372393326620187926480422815332429875890735138418530233986608998168090450777487509821296917588753922099268026368
462,0,13250698577514310901969666316514592740460166827147700005835372859431278667540075848526320183663788137148543985122243995961900864045812462501777184650050138259953152660124582818589603234090292301650797893228755872476166395674855591201892396382862140506112
463,0,27739331953300715245264231731107281241749040465198389993314680453451570949792023275290467496655698049207525872976947241252917801814684605720348687214508996750910137190960240882386694154102811542344959956969424376388604448609152196001439191238653629169664
464,0,57695244994084841972370546820242156692886957489235517380836224607002345018460756111781112460672665492210564774205268392714456955937518299744185558948370006428675928819893930330495034668876660596474261400066556117619204383192540430116424987609132840255488
465,0,119212788480543799930466474604842481050561796706761289956138193071532110267548941773692109981787802233032221026104933036258005982585860646828849994350493296290464168658009464400825061193532325525291665563141298708532038231617307678502915455414972979347456
466,0,244678257729422986618377830830561565308917716904865887270681327162157191677820160299045664004811618291371483553958146124210105725233267101736635443645732859902673059972957080261094135411691195271689606307553354433941900231091576771352017783749751640948736
467,0,498778135516973103544706493100858700466070500613054575165711111536424458940734069206426064321897731027361212302060949114112289347675743892968692115362325938625442204564786616571162475593299012304326433753638600706278288810043879523898312002284097126793216
468,0,1009735368746026717937921564986350677417943989483250030237902265838139204459893386847802620144690916105476943317902019710712798115505616193949537494118719176905757831114966244679058206158353212047651970114453567766183618677236324424272245767104691112509440
469,0,2029753612456441049331685484388803255646327325169375646428945817146107931989898776468470773489052002800766728314614061934589981219020097328956340824078520903870836961445220415071602653456879566439970208032251651777662893931811804841132672819829046245326848
470,0,4050987661277692466872840874260723118097034690491340210650794683974062695063533544271466875234742314901429749013934395772282434022414674006014661031208815831278286033891488874907051173729033014342060549329962864954666593906471806720102005823882891951603712
471,0,8026114887096871126717663307519510500342568346990056186752307823138237110729094505649591017472967982261277965217544155398830810629314166288300288990913052823746818677301170770020821022446940782272525057015781314171376626775575626839922217623337114565345280
472,0,15784121601314429694374080520208766345619952972071210253511944026566727711149690383913905302949621774038880353170971429578109796427852472800152208603106492077825302263410345262562453853021984698880264434353102102116247239657734727672894062260921818922614784
473,0,30806935280029216875937499736217808986716588826231325860590682249162602397348057958921165427514968291337003068343862452153509285407035853500754517349711476462033255287384520465207934257375434630974030789323484901725446406379819466926893685289229884151824384
474,0,59666520041271947182258461241062492504206050397200057536567502081031644086116417505482360702570229160452395540886250137005583813625919284166057152177601417571335724561197582404173311905332597275040937040418421593985694299229372565170985142120078505054044160
475,0,114658641354656686008072450978815485188606163933987093892576839082687007933454142639955817070772808624487478540267199078844135290890453390784153165580502705675444650704220503288249198384714845295282267553540796841872463451072589624242843050914476775576698880
476,0,218582342842498137438793963044254575675564955101819323889090590209449943614451310450365368165961915620570193772798992070380058222689373941988476722497603363589942395763968245403407750214326970164525035794519187859503275683090241393954586158477039520916176896
477,0,413325750658775840943514601488898272200624225864968484290309945256465443182694425732015655873478236406461149522528330421018609309770426838698754849463805082046125287687836742219822082782634029764554284205599040877258710550117615984945906156305844841463414784
478,0,775129703773410710908045762714873708502311969296131027772588070466126730620992726852324971515449200223438108928197626932483726731717797997444028718675240759962401391141030196921723834609760216719817154672159836193074695237565052818260151939250397722393444352
479,0,1441433963548824416143907574037155899532482583408014291523921512438890281535371893451686946033222573505235816728304112342587447795199670733656691337336222579396779174818884189731555801572477948239001367528262832130209243679303948764107622144729156379939438592
480,0,2657577636947086686353486080054445385618350426669200466910669712063382116274189593423938958231613499319685576155234088797538522048819407728467972500434603414558147626071665755345033574389699214730225931380843457847410863883304616850673370382525605899516510208
481,0,4857119827230015214906794182700586443138539843914023778174429574636796187817616318902066657285117761053259549810189633930528411969759629155879120649654067594397613554251491136559295968606348178837023598460123382850721070882886592695756305374629491580742926336
482,0,8798376029706355219312518427596450415794036499378251581357986908756779836078111507364312572918903723450239670974986413623303904276811979840097861424898316162523594622599579444602144646294019658687511928512270827365214304731440301843762457610080314386372624384
483,0,15793726472435311965897680227464506203973582230181870362024335855179079456526275800381110748276572102814880940449229217247833895272871067414398616081765017074623965132188287919275391823862001997164158557507040826741649938608143479984508020742871287409888198656
484,0,28089949530419014122180110007407749835953221241292806043001214472529755019280223834518276112729737258140391463500174340299340926287601771690660663473778184038544862734527981200328668213692761064368365384189028319656336086311053764375914759330532367628098338816
485,0,49490939309823688906938853545458727099038730060558200219804531576968098463883679095313775196979072262194535807900627306104790681206544943943998853254671422646316164284474816546472682077574172875561285656794060880438725225882099417310800930566166024678864322560
486,0,86363692138956737746212959018238647656151896595125096154778242815061200898099805477726535676538667489099080796440854040636301670841424070726763991072980230523393557623089171669890496243191146048298534808940473223213184166144967767679974481272204151912572911616
487,0,149240963882996704202355965948420127132978498201601361805731957891915513923706618029685706287757627336125912652120783155663398369348216085867922199126176029001913628890549509544028998715475383408089989484765355187915975538383277537910196080211260308850711986176
488,0,255337713094332873348793785894134039016153786513968387740620707607570210026617933654138237835217633164301879592046728846148536046213361587436173707584358990997598114714797667649658628337325769150277288687906160962346106320399574380869510143665392599943511801856
489,0,432442939712851961074195748360068788903029245722481503042704676495905982740930606608981137214411811143024860684150530833215528946883592876727734013552522887668860503111202969895865154198591784588684636511618938067611743443210061930092327144589114919787606048768
490,0,724843948226556766511704952037271886846142322206160519408765373412411341784845584650988204022027409560231752038430260885188237541899321578416870379011182281359809266244242597810103638520306601698464073617378587257559068425483580164921719726854964747354041745408
491,0,1202195375350654727581685606318446574141506028730574761523864519653739603033755726309174003820783127682079830974797022950370770638873443322475572625738639037550813939173392866517198346473944041097946282765317720822334892189524326833505219522365216504550103449600
492,0,1972565273422979729887990960007444272683450806353016273751995607994030359914628402048782835954825892349686842390942856609094647349842054423968527467233063395007793564749830987902242524562885772538861247509506500096681167821964857726556388027480016263204072062976
493,0,3201270892463197692362845194551177405811666122960272531439457644549462143285871098216794409746735809774732762484378293271779626639825848191669729218351351820370902147473676273780481715673535345684600765122361811510562985380771059792746468600675690925897663119360
494,0,5137537532253528229826168947582155433119659027044015434033431321278614815256460677480903606377611354879677447012502916909742794496329692827295435902910114739708048216164953281480331572518031207495416140689316008210447011586134412143063328040493001698018464890880
495,0,8151430303476427540399975350113573113578324284618878314698248507432124510194626516737577653569959875509037877492507543811118524051450559649468353074334500072170814591923709957333446086084576861687882815097899379063079991229735408388121121429162361126031045165056
496,0,12783841312004322119596641933493382627353289972309875808002973325923762415132644263834832562140559886881979161247550402794835199505215974013909821298649950598189208905596108332131219645066954542298557020499576257081580015232848527344908971483077129703816492482560
497,0,19812439011167781516027729504068888060418242496442169183531915974849931736826507197938464022227898960112074065607737150478786780659955418735734916853543343773047784180334256302644972707672483914600054233819556549205407864022911429392654236491593393714541692452864
498,0,30336225100689705913382861713494524460101585481830899565087415375288174814527872238741156222208308702114723430572470474286400116834260682794506833946945383913925526219876947642227306818336471367483077342286614518585038906088195397388814092290069679530772499791872
499,0,45880467506550039571850940315883964516194067241164990755595583842827394143675569583694628211681197520524998307362336117550106141649171843919681631032949786377385409424178646100634308713224973522772643205365009456424753545910402297315178544850326124997934162378752
500,0,68522015736475461541607725848748934413993728714149522946914004819594291287058740426065981581896554209457979155573088753885091669694586291904875657468480814193224030344812444022516873763894339410418432223897910946863419652875415981353443616480973191894698811195392
501,0,101032079561455850848587409298566998401495874838484491037371783444725040389576946315291688812040418885122089269675781814721622532417459871488252801068840972382529250015365710489902412186077260262184911958008990650682089652882394870589890411058237722471534080032768
502,0,147029235912830225924284275029141268633802248604502992842647218967591310343361952145676444131485680361401602034252686139767292605914907823401370018332107996366098578373382603756602287982162013128662529206402381034892772369471367851378086975479335837375539236044800
503,0,211129631361495459560684265530109273285684571768308688541582503787118484679280112049633638456023933902538774784757398492978756357569754449263487644717532016301765959899945826370034758539235499955569243913688905432339280953057378866470960794069950911422069009809408
504,0,299074227467250223836100350072652085751936421436538490202714022342163742178924518965210245661984198330689663838599203264207962481321774378978507144509308311603341348682104383942850649682999184641234086391939190740636121708780752420154843449839231498618341932662784
505,0,417805028411364182138528076223445371391641049690478275758549311744833626350463709988630056918873362887861560659729090374118823389906256684987383180411531674221625667908421857181339712684079848411500587602493381572342535095662673935591831248651096002873209802194944
506,0,575454559445134241888903253345566707933522344558853607614268086203823584959555712595962345129056945236524443870980391795528890471545761177572243600590009150997308121396641648878555930232819489924867310880149368811672685584516892278961058801257319594424806729056256
507,0,781207008524477639545759559658230962022550072392228744758808383797748896667121644980356654615886478215128357376422229928236848274274209604134033962915708319871412203877220384032585816676225662905671330271493665603302006780229736868474232695824429406062387631489024
508,0,1044987494270965613788370707936031147929918137969365122558685671939755768977131376886669080949839325767802600248993388567519503642499922236761957688323477721819262668598962279986346377691273946829815292669721406892628041523680280964610982315351234229622150988300288
509,0,1376940295960423267655979543419859798766710827196759397442588571886895115894488360290771351778958858259227463608988249854171712777933375082025467743374028023123546877754501113617396266734531457295279580479809144415209921364400534525056443553724680754676587007311872
510,0,1786669929116335770308846740809617647137656454217339324796370712224478917928834996711540399294931587320111766350651888298386433600244129367539212488693301253400703600377811743883977362283564680544327398493914264335950100524256202932981216244820321133541586584469504
511,0,2282242384974115670658846863813804534748984329695698912251468976681065771921729024281912820212921442678861937295696222480000272562440941921645980397808883493373713921194641983692798420578575060673638878048549701407386985083591238801189285143505407412046269949935616
512,0,2868978017214594360987555912902830831997952942475481671879173596087896231937863875305576885847877861976788278524574588011667058597794875450125346894820023726492227925950719743765144455975158482110642358095579757447512074098510261064702974331931584398339233636417536
513,0,3548110683579985141801222815339268760331067958423728481292124188358720436135734042474502937698603838542373134604497491578459119197812946108672763012236654774156942171831365612301505300325971089191042718079963035826012869303941918376308622770889292762770609734156288
514,0,4315435375264304029494504023946948443532349315244561434348221329920067948072525447304866757079870012716628753109424318584377794006810459857603227300361225675281980969713301301580913287519326536189243864124199329737040469257237134001916878599970986095296121652903936
515,0,5160111397861683811628407894416861290852508880480224081635007676252208464335296930636642131363723751303361189927002353272701645312636959888179228983224117680953309819510660367220383775473923174518320315780074618733567706301937518518852688262361263287970671603220480
516,0,6063820581387145984567848012149714611491480402958439352715624859326022137839815460353417086101026472321275182244870633893377230548372388876541302277845710058336779824429573929962115746809671989705826132530883334308713045805466677679856064570392381718739981466337280
517,0,7000489368555738307128603793419364315553637640864855598302604315067220243608579180037382909142189017263358071524533377000368484415066575282996351072126528965727512820161346869942952791384608012601654742919117519535646293358303046146937056637761425035603800146051072
518,0,7936760451173268902738294092497139923992425219028247308056882294796387765279642716024030081355495030342955643668105042360458687932532954045402631895299786293161584667532014165249868394321646118551392070260094992608690616992289471200861371721787017920858196375764992
519,0,8833338141034502938358223485608938734281224632749504822680450721245955500902528138034747166837166015188789969575681814419665689882226394447053169746644619876647967635524789460279727994320103651714682098430828106988258586322126329880573026508557373221952620219858944
520,0,9647232499532990040866716548748048607360625011141670045676849950054641728806048572845730966721385225811692123198949087630938041413377568730000101613312996370964255260209647811506375269288458713201225777730172970149616378496456536970474837717418942483618040245125120
521,0,10334799277740970797787097898105597837916510794425284725725017489961728649730169186910231468011559109457070652365881164190821430477538469245334831276333102759830373696971901033011263496777283857291868454428672442730977476298484953100305280146812087493705606574899200
522,0,10855333374205768328675124168139604803805048846873375282054011613325667393938144065191483242331196648367686563783227115769850065009161635966571659632600257007335246191443280320961841197872585973037734230353980425130180308693682370611264694798879448274012363049402368
523,0,11174847018423001846034326857512390183698641285577641040134776032024240170078209348386860002121060126922843087361808996203293088495204294351712190330548112175745546853361631388228322738583603260432265797554872593382392566121278142889774607732599866342604034573074432
524,0,11269577200604126880852812215989503305132030936897841150923164805780408838355123225066268897999264331421267555132753143792460841749934441637401388734500283209425290772753634183869330288252543093101506344992113544069402893000376287347112354206758967940161706066444288
525,0,11128743961062037289673053996793372762145621109961314545957393461705814833533966492073994368862428671746592991207205200270456697336940752627659260233322913219561300429599498335863006776055560988767251858364028076097782740869296892340620404245240074445001684785561600
526,0,10756136712110288663281493983004506351631267663775299094769978029803300351673267221051322577039273846101348729854595350339487135037245673571168275420713014175462124081295787727414314922506121310279990739876205108750933226951796052237911425763711395251459166778163200
527,0,10170240022331857539535302209849947094332816059310325079817056839130571067471784286142480437066419290273727076509166022786028856021882463883422048849892439279104243454442006405751328268761642983958527037664653570666501786734880888235671886471355168059120794038435840
528,0,9402806635343268233968343348963559461698717413361914618707113435998166952025547305104579684939224795170975464111859016587762807338967448228147761784168117040986850532089170396029291339040740458457611962385123772679178166202236008197521903160475843766990700592234496
529,0,8496012051706668028192909438229705518119819594974536686366903738754459087971862768878203336019076496522057907509486424968790770499147502560507080969775648031264596965085250951626001902769509428837295661650026302116229216472603697125549578029926633878217662050336768
530,0,7498540391323809717417107259981430143445298103958557023030317316554264134881253185319868844663112636064736333135786935460336932603276450647180202612215353089432721559404101504465475542269265355022583604163161671824576854075356627895690507595284295674263428139057152
531,0,6461113457522814479856216225018428116592983019790227140358155236814061463270137462406816771630728655985743998960406190074177159633335410721834481475251079931176170221607355731397490814713103272243678190057220931602639179273134440475299166966720161751100233795764224
532,0,5432051169408637098485404646684333619994751280912122426242137217946947562747409149957890376148368513811603268084160226651815371746424183137659430536042084046833967559712027068264599259206169980642193230613118090290345201926943196047394247296596836105126525366435840
533,0,4453426490118029953891395964903031268073842289994230327206696586937212197746956707532496760173941095491883583839950999741784858292376669546680260938872162023869950505468676162120825713070029341331593802889922024853165734371660493208703447607546706336332394790912000
534,0,3558257890585068715960380893584557430996536926136585741630919225404060279969493845713794589550313145706561541013390472652541711217500561413942129459063220616762145926977333843749808335679109002432496777984348907670653224727476384139566888696005615040914895925149696
535,0,2768993716228904952636891183418566690542237406353214699844141372009787281923604451782699135590538508841576257900595118398776077898161056928209349031376862943038214916159452074683163592555642588191371434360666791590277263026548890829497775282562520097123999470845952
536,0,2097325712996272587782962908565851464755976708161560172225702791635912056302899209144084735683237205290094377031125096057332380185213303441080891703718997025323845501420875048786716096938250790634910308045073184643776041467637517074762451872087800353404643522379776
537,0,1545167283777347102139632934391880034343318936363164886122253383952869722823153398960279767402472602796280990572968380406951488993877899445384208694217839406339386553488325575416763457380933949979446236295225949353723113718030092152768247968071301788462154017406976
538,0,1106482836681542393554354814269096621653497690860181860607012281079711835154339244629054116446102688496653560725423412672742838676179052957765166859192311270360021794319411194523275497320321564136661731123139204148478997843992828220415424462027106742615580757458944
539,0,769579944148491535493394732969085840003998385570286401671259572297797993879245789103279373389590553510475405311991313610985330847920361974200128303741232277617005852828684853996710785644930196263975747122154094036206457356379570720970358028510861917651940516298752
540,0,519479451615010985440798850877606774323592932921861695967446784946200507147091356845597576142160186920947771441534201147743392272049038361084331815365736876471981455284178554851545656534906774603771456490473226775912662682654171768093714773138545040528750971715584
541,0,340046561049821457851803214336514615933350143804424089529685989011091697192234861927858190210373893179568464289515747131044181134832122282361097571121313757090946422419369600791647461089289255183351200388890302926914591837381228604753960492243485945009747980713984
542,0,215673267744799915835894588500366834581007161282948645043824034483046866681447511908799005962188629270159671738127432417048702630740420518492960161389490364017880555166115552071588068078253559700803947232022703653874897503484987973185945867669475903003588414144512
543,0,132420699598194217128828453657261096855620981078852458522889630778691006383720619419304605640763857423732819149111475683705419492382623871976089271971494730224679838603854938515996812272935998316733611514039566657773318934553525873675468335992601168796057843269632
544,0,78633971033726176326587484883039195468386015710439676966715362777314579782385775866964642082430575101704990275861591875737090981801504485023236879410509810339844146663619451427883197851924515584205314601042586791760990935925143340625774484396836441283721512878080
545,0,45115931251397613499284743222388715272350230514585848517274962561370861633180410846990920353972579893884219384542398163133057905435174489197309425285963165895463782090724785871283108047986833941868892603142579592054493757746952309220969773580396250298162937331712
546,0,24983939239670473715198922524688876569194962568468288080014358503714766473098684470093259646253414251293262499148884626454280045613024119208715545359114123113214657434807699834308358928867406073870881803808500616772635272107956949493016650383615356581277104865280
547,0,13338955516931414877231137270417970715864960872389705418655654688557603698774525233530041867207725569534804904229435867140406679216049398086651715647837317344217936267063943655399727940344625120881605367015234693398540289303099227421227067611777293187500679888896
548,0,6858059215931284105739696091988218232540853063859052119756410316626374267356482276384199917149932748945226436502335994418300733431614751332639139207811488030366191257376407749535570704407875618128141139756067432971229335914158924426485680297269412399650814558208
549,0,3391207780992852643874102603495199184986525584484770834723152241020488682718957773698721564094028239806080573936404642228575256864095979868956714396057393571267285427586126250169996065928088649310659937069451725885646397702647088688906818798156304023162131054592
550,0,1610644066080366975741305683169774539799622297949326098191291485759378900567112448320444928179290752084904948702593514486242846743519366106891598179174256946280234237084169468061106918964959441911255824877933993170632369559475615651099055993801015847100675522560
551,0,733691884657607312255238236682621330692631188718928717707186355758326346009299245748801591669118845851144254086540267134351165938539950484154412424881025278849553069138089996060035673543866875052684337682787369077800719473805836300791309933719189851888198615040
552,0,320057154515585669349982120906809150898462088928102326622423396143823428957859565151394086319040539257074814574438318930961961023969996854413133797026582431263225683090311934129524970155933977523670522996461843357222291735211455416010655085116463416007202963456
553,0,133481107089043365167262741775735931341034779126018412992653780773618655811009152299126999357018733603019730779606573386512496728082702746775758792119056828394634547457517471497889551140499917146282899795206718157108765771853850853316374341738468034212999987200
554,0,53126419804590659461569766442083992495657821339039921316808641176021378017098267454483491274068754237546627548338421166644214792274538992186441547928667824144946184176642371484219363359476782425734863030432330541469189253757442439922058687526895799489995472896
555,0,20139710844722249355033852953148236024529641971095294410906387564679579732981812302861212328543384296468018460623858612006061215709212060248673750681683721172632669100800593757706523300589413801472078333359304934763807589148561890923281692925905956365475512320
556,0,7256468036720012715747464406441981380519588353899479062823389313944422432156187856167779972679921648458178539129226377230841876573401069799823266759572738759151514007975800243466550736881955789248281185005347056079524097835944325212891324292568812775249281024
557,0,2479230715210998778337496050017839537987218097705172064988411730297329463528027477745719324074979457625078066535631215758315494685912422361812161825537591271126006233853878449337578025313254956214172332599934787991456022059861784687626607136395545081500663808
558,0,801157117008965974953599557865541844850020499783098991245488093578437893396794705164710159885359520742247197457565805770690581585095783097448069097951417187971839519670289255093133724825683849511967566348840906060425190604951035033679207712613630063920807936
559,0,244174248241467613404123953604877517098410539213890445571679580543301217891811169067607498630986553927959151668944422470727122420087423083120606847073543383130649089823347420254814885858258843966039427564300851923119320615873532060461828211823679794336235520
560,0,69967826427985270143175724396868124708220729221627174016626941345637183344761375951779359072219845265936685838727623506666933696681859557620406851675809823913943802010883645373324763607834971944178603921878297745651653877009990844832518764579582069752987648
561,0,18783898862038521333952469678519733170500938534531651566385785247195532556104610620177318842885130195517031645426354192919989283257516928968186158812596179863218474958516655522948143221356780398383590126870652591456291624264985845810545854440238301942120448
562,0,4705874723848506567979912811394697534679286268740308772045969289611742541435541072471309309846585384353738769578805841997081692551567360197565856922234192867993182646261517211447636140413813700088762743930351486316926556081608259428226293073109315519250432
563,0,1095232491051871369826285747549875989461414067041919423149614399188643292648623611708300332075115327842302512025813636716196971621350130329431570441074444950574045649206144823901418604091785400364143259659962947759225421330800974388717064565431855787016192
564,0,235581442526189368715934725896941393953026073321377389395167006435105281487219784363987953108835151874045781068833608415367770713886061425232580298345858598469334369786437843684826552642373774132256641783165483389765362913787121827022146427396850903416832
565,0,46552870715941967795557933242823219705652531388865562826950145992805409854479237197521630955833940620296246559779696626268797417407597161470399161908241536869546574257109505248259078920107920091889098954231487696867281943017681257850552820009835681546240
566,0,8392195822349553439070135219351430787593278403045431452446963697752570744570988140135479943806068658814170088669384030418266518596641596534151056832518339308924158683980969340318178617018896094070209991495078829072365036454847925846650348232011793039360
567,0,1368687355768138998295387779606983020623141973239244939448218459520779540545341361987538456366310463485804923255187352611599632187164653509650951348877197679955759289830157207157679351019695278465976286613815295459625934704684841104053044407960894177280
568,0,199916098720180091927366982750351617623286736732712207672637697676925282526173895303655578414536670797473989944901564050117488092207307501119256540581540111664108327636617734181196908019035966451317671521158212112285526510162755656653069701681682317312
569,0,25828046695020626441561261574435446763577836930148023478513196119123410345481195657160639290926804201582025166870561170983768026021474271238016685773562427080016599019720077404609289408282481372328840866064385931830239632523349939583016789197908344832
570,0,2905205981288227984182399461463496752220999321293489145412012565303642989048349570233301925183904353413495641718044785466825103470282379272505314707652732729353047073011611343948458316697741250289530967224415278047543776086475126317260614554552893440
571,0,278695526801276864287242263371518614560517985790195213468515298750403984881881088844328638373181424590091322615869893940424260149535828077003588865174183906167964370097443656115034512410675554349818944064944556098873764882688036323088801745204150272
572,0,22166520842972174378085504693696381561727251582061969579209762422354912227924567282078504784495686029696413890862891096758720798472341699661245046151497388460108915391347438087959572059912739482127680165794498443521103732785866449677183097650544640
573,0,1403240891677287670186747456383510091218627632950827334409320872898249436646739598114659493444239797173855766918682649721883253563902700149228890789938173408544623106561906398311779611255515075587103685174955698761981065271738954477916545202782208
574,0,66280697133011858093570560468118122236116492976604517021167455385874042078339478561962908199227346793669643505142378910943219819578451298978443234747524842557494775001769268272227912338891332808608894006104924626794063426016080827985394204147712
575,0,2076306416479595337283878848570982449773368103415285615332688889111672605311694326325529874670515188465933507471664874362749501138500383541407675049817819262423713848052738077330259042172191645323722941481574757960601635873972469344470839590912
576,0,32351080063789316287537188645261311577084601256399833514351651973630125086101204786507754323549216810707822057526982074958657702848268022952974697514979045088442099727996721194011727704086395700086025840087029261720914795238330281634096480256
