0,0,1
2,0,720
4,0,256680
5,0,30240
6,0,60473520
7,0,21299040
8,0,10603755540
9,0,7424676000
10,0,1478039864400
11,0,1709744652000
12,0,170921622447000
13,0,292914433072800
14,0,16911513546649200
15,0,39869896521823200
16,0,1466650267927646850
17,0,4497383066013684000
18,0,113745014386953246000
19,0,433120921636774140000
20,0,8025004599178278987000
21,0,36421168969321786188000
22,0,522645650804987524458000
23,0,2722398866720895093732000
24,0,31798359977435551273666500
25,0,183570124398984058857660000
26,0,1823782151605368658727070000
27,0,11306028064366562195953620000
28,0,99221916447728405634995685000
29,0,642819102616028829411533340000
30,0,5139833124796252020596755530000
31,0,34045894212399603839033667540000
32,0,254038382704681400907887364219375
33,0,1692534494719918808021504479500000
34,0,11993973689985707265547270972500000
35,0,79474242007418338460859681024900000
36,0,541394806693788509460904032671250000
37,0,3542633142715065329829864949221000000
38,0,23385648581472005716709698388680500000
39,0,150514924423100939021246980133619000000
40,0,967707989307968847249291075614522025000
41,0,6114500985971586913080553204876233000000
42,0,38410086184409673931162417299192856500000
43,0,238101148282614685107546887217494811000000
44,0,1464324728330782422678607347959223675750000
45,0,8905598762187370544278765308549758961000000
46,0,53692021331842812406776666010140727045500000
47,0,320477800880966691531688076079000541971000000
48,0,1895961492763443061212025197640371601596937500
49,0,11111934462613556435803508194755379519605000000
50,0,64554552764206983654922258229530153509277500000
51,0,371690370457620580602167134371223200648615000000
52,0,2121723511200071994075717377044474320315543750000
53,0,12007506055565697996432219001121806469521695000000
54,0,67384206888555348964892125695242315306840692500000
55,0,375000873949735766813896665711975906602697405000000
56,0,2069834781370402425417562340893919965386492455625000
57,0,11331919038631994157571004147230924858791765675000000
58,0,61543658943031153926908778635049545670150453637500000
59,0,331597454216638772934707759124105142502079273225000000
60,0,1772667178428146210103540273922984674320442909956250000
61,0,9402979934693997838830280973220428197841008449075000000
62,0,49494961992869149164571343157175581222914659720012500000
63,0,258550321556347867769480772787450380821992156330425000000
64,0,1340443713551602585772681134540210674817736005715480859375
65,0,6897631048829361075261841654866514625902608336945375000000
66,0,35231130030375520510175774498018824463949189563080406250000
67,0,178629822599060480439072726544276778782878136016695125000000
68,0,899096751112208603805671287342841388117827293396200328125000
69,0,4492692704911429043443148012358258424499388546634985062500000
70,0,22288267436905755866098695278645022824547204878708290593750000
71,0,109783061120266908943762446187805609946496381506869740687500000
72,0,536911466489214211221746039811968472601846253932951938726562500
73,0,2607329813200783375328649235442974250254939919455932070312500000
74,0,12572790002951131810422353986379336128859325221341765310156250000
75,0,60203955999886715763843979329219378890957196530823183143437500000
76,0,286279482494199557775040711542241994646810740907164162823046875000
77,0,1351886655542433654061128914402288653719902281360963501645312500000
78,0,6339969396726980020934711168659652512476006193811406268249218750000
79,0,29528525572404283668824326964481507390422500128707722483035937500000
80,0,136588439476352167047858364810514717522545199510932284383602675781250
81,0,627498285982301665903863863363441235175846549458025991487126562500000
82,0,2863158564517592821188568782852899504524221101875331227526402343750000
83,0,12975358316721525997840317126979541271080868182180188137634542187500000
84,0,58403690920097947873372829016303620651856505019193038940397899609375000
85,0,261103750340222704926456605830514102070578621443235384244740235937500000
86,0,1159422594577767448900782818539741148672126939057417516483599563281250000
87,0,5113629375761472377215708934755424264551708546809729708060099407812500000
88,0,22401527866005344237306750158929201800426414447684843717586223951757812500
89,0,97473837083417659174442058182121027806040046211456529874814181304687500000
90,0,421270173124036416450416245344687499829789651387532446958367214777343750000
91,0,1808401460820736436060066016798133303590838767488524074326050439226562500000
92,0,7710611262483914337988114341883852315568529863522963759180382395244140625000
93,0,32654270598318908441181897303072795086311983321264305681216101958742187500000
94,0,137355118759089431825160020735054251103292972093687738616500398279050781250000
95,0,573850698089641880461545430250342631376941407359009270514072256167976562500000
96,0,2381204851559510481387656292143917907813550638105537700134703149788730712890625
97,0,9813682471753073186315872465547024424867563309931794787937362676809960937500000
98,0,40169580826200085141315219811700663196813724776604356756265988718378125000000000
99,0,163299303693120099641301701415643055345727083888660268032874278393464570312500000
100,0,659301090219572714683932547155435299266132729637382086010490502309631328125000000
101,0,2643536877357415954703131145450515874535570384970410608246602476734326875000000000
102,0,10526348462320656113248221128021865805176394902397209226837683115105547578125000000
103,0,41624452858107974143795126305380896796391684524104258070526928635425215312500000000
104,0,163449778952020402650255371079317593301286611346116452115885530979238235312500000000
105,0,637339216985863237563346707403854578278338925638537416101495244225561559375000000000
106,0,2467697100844328067345485366475712630395391360569546352162372506635999906250000000000
107,0,9487050945087433645292799126462338854703246842794433927848481346182568212500000000000
108,0,36213533382351802471686448075194846227659546824162780831701186122505690053125000000000
109,0,137243499229754116104434134724943103890184329489542886713647649483316996525000000000000
110,0,516384956260531342163775784571090978625361914548996609066170783668133818675000000000000
111,0,1928833531603023238511918831204095637627693431063956844547127710913093439650000000000000
112,0,7152081157998859307281017001436520459126112231902231479216605409687079370350000000000000
113,0,26324641099679349912374450198626990955164657598784345022355769695588459550000000000000000
114,0,96174349783654283739883513712759817257124308442619694201530900455856040542500000000000000
115,0,348735244886046522178098699763998900434382798375499378287010453646213516202000000000000000
116,0,1255000025444098813105956313237327189711979268369268889957618482351809999390000000000000000
117,0,4482011127822498085590486866031714272876197116579372611590486748402661789060000000000000000
118,0,15883705528266568483707310737002865653125685269554636974785819174435739592720000000000000000
119,0,55853084800523043576403244284879434895840762015745952299244836405502079596720000000000000000
120,0,194860565073776842463014084911395505155298210561474299056797840158970191045334000000000000000
121,0,674443266002948558543643329228003691068293020702801785782882547252502563660640000000000000000
122,0,2315649902228810915419191641659006549787677697844237819339690613734423952419360000000000000000
123,0,7886163364403105347303863195631251570369649541906932158923579305555674952999680000000000000000
124,0,26636757764150845404023497777191577640091566575924532905693106840701392684121920000000000000000
125,0,89222597008732325444576785820180285273271557442226992794141262069801038816386560000000000000000
126,0,296346089986165440175511030138068159959797350960658994178501253952926855987393280000000000000000
127,0,975899197314530937127232236811670310186891837484071392306660528779914830514498560000000000000000
128,0,3185959380490408442689026571303968356338668132237140739225179441491032102599477760000000000000000
129,0,10309806443615468226910567988545865206665116206444513345405064732643043474625894400000000000000000
130,0,33065762196828974126962979117360878319860960658039458708619813147502716392275456000000000000000000
131,0,105090671019853393811042529207690566590787635723953936412372690676214430233761587200000000000000000
132,0,330936137055112846465680353523560053796551464970830276730015322459897253676582656000000000000000000
133,0,1032409990843843805335424173064686764316869961612958932697890627955573222925802291200000000000000000
134,0,3190203218277382841500110886899674920307099353915555743115508979628859280581272780800000000000000000
135,0,9762683321531825850699763525150276433917986893735656811506027885940090298658905292800000000000000000
136,0,29581997223383010951579850516406445843290949063620529943291332191182373435946784358400000000000000000
137,0,88738461339452768679993263578887983521184163266083044098585305115189043566118469632000000000000000000
138,0,263473398549736003104168885107640371010909557316485369842098009034890347262405746688000000000000000000
139,0,774126458476530301302145522865546008365027828638987989282079713355108718135690559488000000000000000000
140,0,2250309266822554313393482520146421570593631401904886257285995648910873632521980510208000000000000000000
141,0,6470343918495745242111686740080488506774716951177701778388840635968093072962446753792000000000000000000
142,0,18397615194593134614878202679278604981688170250374643790915048423323271761996195561472000000000000000000
143,0,51716952446991334686894059972974325080617405531416037604082536170476534208380974399488000000000000000000
144,0,143688967928780343464282104573648976061650562254784011200652994589702718988152584912896000000000000000000
145,0,394464675243798867800895794523060086746983175078691217898604903417664192999613189324800000000000000000000
146,0,1069682291325503918278334595093134482466414942421716057486026166420034106966891427266560000000000000000000
147,0,2864332811009183410256129354051818782807599397400610304032170885142478058615290318028800000000000000000000
148,0,7571217448733402677453337523416528387882190955691476736467912929251359181110336227901440000000000000000000
149,0,19748043586003947272035590320869545388989045156492437042367014354301373723157039583068160000000000000000000
150,0,50807913056962957934416715524471527383272082225850348900684600800089070088496527593963520000000000000000000
151,0,128887219953493550458562801403314365006901158153345613347040184420493974709142548654325760000000000000000000
152,0,322233378278808493933040831468194085789634219624179264539840251995609601075470649985597440000000000000000000
153,0,793618958547858655044818329626083065642079836206692381152433983676028377712344618237952000000000000000000000
154,0,1924508189957292597752139315705384367151880266480041422663362978431513210769909747810304000000000000000000000
155,0,4592664022740177420281011275802619182262926788718010149761783673639401561402485774902886400000000000000000000
156,0,10779585910396074029188131849116626700495592221006886577466956429666472227382522331267072000000000000000000000
157,0,24869683362016352892926204672626114122537522830651830557870994331426314922674583764992000000000000000000000000
158,0,56362332405362891626369404898010525473116961146713310824196863350703826486180289248755712000000000000000000000
159,0,125388501406830639187834274654764535795775438982674989796761794390979575401309576420655104000000000000000000000
160,0,273623861831911384266210173418026526527783801280719019587697890711854406873965434800544153600000000000000000000
161,0,585235968593515907780340664235350715129588377874493934472597547995498366465275591076610048000000000000000000000
162,0,1225788765656547337381536964840636096856454900760301828257151169862162615223853403569389568000000000000000000000
163,0,2511918583369172572398033228879860680397266596359376943838736126060604547796515663816687616000000000000000000000
164,0,5031140787570888973816154602031564245878552171442948687219570744796043388702673919748866048000000000000000000000
165,0,9838496607928557336493891635270390432467576003188189265300706958530275657621765220816912384000000000000000000000
166,0,18762195384135327712969589086904250995604299226327335173849848145879552915047509065111437312000000000000000000000
167,0,34848101557438361769608666360610964351631215763225248713353494188436078245801160739477520384000000000000000000000
168,0,62952756211535538113785498778550915661282409760148492429819630139926497298047333799531905024000000000000000000000
169,0,110442468196537623735657185291417192067864346245229173413323942516381203750006616224568442880000000000000000000000
170,0,187857291978590735764853801362131546933053770764131705284951348475106492960867262709178040320000000000000000000000
171,0,309248012001834583651055399231361200374076895916920198914388012955007614041344797639641661440000000000000000000000
172,0,491712309064008000380872602561847194819511448358333406027833464779692678907550309676377702400000000000000000000000
173,0,753511413093804062008721167726493917674233171972040351005326975710882450285072425034637639680000000000000000000000
174,0,1110170737633122660903692521321040335469691148210910682793150074768808585156884350832759275520000000000000000000000
175,0,1568332681764119120947855348987200789419376427321192803143675985290190958600940109508714168320000000000000000000000
176,0,2117983234485749910052445868887152017047719828878782509710446088010004071328531493609548021760000000000000000000000
177,0,2724988210439092254634378528000341791171423940124740620527868087070424654972780849741273497600000000000000000000000
178,0,3327272055672085489913086367003534484071123163701179298723530205535986756228172202939672166400000000000000000000000
179,0,3838641662529027745990444670506740905097048749193310253503277515687049554847092666248305049600000000000000000000000
180,0,4163152890273175074852536068466400246314986788029436062702145506293936171801787133360026419200000000000000000000000
181,0,4219362407960935358345802976120401454665691692370291771090738879947512998944987385969822924800000000000000000000000
182,0,3968374166161503718391355044994895052799994561571666508947535500086827298711886924339793100800000000000000000000000
183,0,3434673784022007160863699873422945374147639054226794273058880060937118025767683255828689715200000000000000000000000
184,0,2707986843094463515256322853467360701995142395446621809307883389307963243721167463468394086400000000000000000000000
185,0,1920505973332863221009106699540398628720886093594426525366284274943434782687775601058643968000000000000000000000000
186,0,1205673244766860045828789743381858651044355905327787435186702379284260923428205025902460928000000000000000000000000
187,0,656089867159434219049400218171127990448830794162743580498544664519864608281515435025760256000000000000000000000000
188,0,300717803972164456089168512239629871278730215730737309873053789188574964396180642459549696000000000000000000000000
189,0,111380487004242967949999850995752122360586391680219806364361343172660001399140841888415744000000000000000000000000
190,0,31228581968566403776498235585127346595771017743867458982189158876307998453517966731378688000000000000000000000000
191,0,5886571287403047371526629453858184274768136197922545778486060052549122385235164134375424000000000000000000000000
192,0,558996110625483180629466750463277188883020685461637099119800276307959296272331477876736000000000000000000000000
