0,0,1
2,0,4080
4,0,7819320
5,0,3108960
6,0,9479598480
7,0,11889699360
8,0,8310217106460
9,0,21263809644000
10,0,5737328963074800
11,0,23959836877284000
12,0,3318119836585533000
13,0,19471423514597157600
14,0,1677606607060092536400
15,0,12450416828879972426400
16,0,760946892587036500090950
17,0,6663746814927886930428000
18,0,314325364132315048174002000
19,0,3107853709600946174903700000
20,0,119431146646048545694344429000
21,0,1292011961453926842229390836000
22,0,42057000497674405098073562886000
23,0,485470047860429459224685313564000
24,0,13797111753924309669164921715145500
25,0,166685355784005954094349934984900000
26,0,4230382655445766938358396380979650000
27,0,52722655694296467663774140711649900000
28,0,1215016670746613012119387896966738075000
29,0,15438764006142258824875998558748095300000
30,0,327408154062485538361517264206527520950000
31,0,4200336645519608973597019187301009324300000
32,0,82841620692660836325399657143216747168090625
33,0,1064782090981482320295213977296914347812500000
34,0,19681956458460911895732854040727666847664000000
35,0,251847262067867733132036123632625955931804700000
36,0,4389023406361316925320275674057447025302471000000
37,0,55592398481031294454858308345593178213541032000000
38,0,917854552767385253105927685425986436496089871000000
39,0,11451443322559901702001176545045794147713033340000000
40,0,179697610996065883653869498823950360930932884271200000
41,0,2198717150853476411374627164660589032848680400136000000
42,0,32854501118917974452580310675651536075213254674608000000
43,0,392495014017688356836260132522685785201187253025632000000
44,0,5592865292786314147492322122761254732587309630669464000000
45,0,64943426970360556795659018206553392085863631952324032000000
46,0,882723226769011245568597706256104569181053003040264256000000
47,0,9916615667872378383617067970274683799008661003376312192000000
48,0,128386636931500863532496863187125081708470442150047353472000000
49,0,1387544613917170218839082626365954358367359387081208468480000000
50,0,17081649543089378869485644715742150386752508318990349367040000000
51,0,176390965254171701917023499386283154382151441991227664317440000000
52,0,2058678171150705537744961133210328210243340398582372524160000000000
53,0,20137694088528811289285023902336250881514973390962667037726720000000
54,0,221221548315882707200251216181358392845572745288808193792532480000000
55,0,2023280500676847051502912070407061326895465935643598829317857280000000
56,0,20739999702919451693205278569806733180491678171692484520645616640000000
57,0,173978203763822475197916548410475572603453011215162030712263884800000000
58,0,1646552365761534431891173778154391967985216477381713166498655027200000000
59,0,12286070956983841504182852536430576927905642989355533909999155609600000000
60,0,103847711706657837580716398430767027353656366897241093675693948108800000000
61,0,638171871944889510417564202708745226082442645313088165549582299955200000000
62,0,4476852499350375135541714251432710693191714470009362246040174506803200000000
63,0,17591696741049499074511252720598258683746363001027726369627979828428800000000
64,0,92967390804845141078896459741326774020362086777056421564786922232217600000000
