0,0,65536
1,0,2097152
2,0,44040192
3,0,671088640
4,0,8594128896
5,0,95657394176
6,0,977995300864
7,0,9306144505856
8,0,84358318784512
9,0,730628548984832
10,0,6114245719621632
11,0,49492350473338880
12,0,390124980541063168
13,0,2996490470487490560
14,0,22522784853931851776
15,0,165755825288185380864
16,0,1197904084571684601856
17,0,8505408014314991779840
18,0,59451056885393642225664
19,0,409266151883278182776832
20,0,2778825667278563772465152
21,0,18616838320605107466534912
22,0,123197425513033069566099456
23,0,805587912377629887113986048
24,0,5209421772630004537332334592
25,0,33325920439458972937838657536
26,0,211038174978472284737577680896
27,0,1323310702255126359295076073472
28,0,8220495492294465730892849741824
29,0,50604812727143869318107820457984
30,0,308827060597973812427889148166144
31,0,1868864944068266857616603846017024
32,0,11218133529791248703290943061622784
33,0,66809958403060310103800653224607744
34,0,394872889455424253705248587647025152
35,0,2316627498829681256847567858745475072
36,0,13493892581931729649511143196090957824
37,0,78050983838217938370840891930620985344
38,0,448399032312338612813855292026452967424
39,0,2558973261417248430360341592085763194880
40,0,14509591065045753055744880522564248797184
41,0,81751415043438303946057743176241988501504
42,0,457773094412026437429862877664558298169344
43,0,2547862636902132772421222997523163344011264
44,0,14097073829474166908235294153222908363931648
45,0,77545990928779624713173638868308191141167104
46,0,424147706599088299430107933806766033301667840
47,0,2306999299610346414391866345873524162439413760
48,0,12479433299145873119385396214420273159098466304
49,0,67142893265024551616267997058576351440959176704
50,0,359337731522712138597375663804237559901881106432
51,0,1913110063960917965087972552742332843447138910208
52,0,10133213274807691137316409150538089765917107421184
53,0,53402031210691492162124926160123250798584298209280
54,0,280029582945094577235090817463834372431511964614656
55,0,1461220435594055549055307184788806611276136816050176
56,0,7587912266640174136839731181167593675212965731762176
57,0,39214884463183614725007749333480631196642295998840832
58,0,201710236153214110967536095359819683412418073060704256
59,0,1032709344767440946786026896988603577083274744714756096
60,0,5262901689785411314601126905757421790927576756378402816
61,0,26698811082010156953105492744787808347310567177338224640
62,0,134834084597840257976406999788190567497794076996222844928
63,0,677905300158092698772274641993993087798912858907317633024
64,0,3393278618116636404556177836434801813032231980723526434816
65,0,16911017856153004230348217820914159178508872403485678632960
66,0,83914589072171749342503122841074607127426360737398997909504
67,0,414609792988730248204638562664473515459644704677775350431744
68,0,2039821166538022571305215840134197944133940670186742967435264
69,0,9993333236756953680261146702419431665360361774007877353078784
70,0,48753853653754042518670728896597301154702648876582691576217600
71,0,236865417989708985886891025202766787217372748338320816051585024
72,0,1146044959860988338601048569492876713169774373051011610534477824
73,0,5522318043887450442042053585392649895936753711009282986773315584
74,0,26501642324608016599962150873450756808821762937877439155739820032
75,0,126668024062025733911291775692958990364252781068050647409604165632
76,0,602996334225131724163012437708253485922886146217430053951313281024
77,0,2859077084117287862283412135362444718722255083499898329372860350464
78,0,13502372029815083560250690609085960801006211683375029796771116089344
79,0,63514990241071857135921668513380859277963210744710248110038743777280
80,0,297599905269174692695072885250832766055378110780940576210673273536512
81,0,1388953286487866895715090809715341112329766257339519450650572090245120
82,0,6457258996972392799802006028348907134746393471612643361927380257996800
83,0,29903458327457567281423065966891188494446674700145786068046376268201984
84,0,137947467893492270133876019281683226968606608566143809985138952198946816
85,0,633915177971378901035613099639576821465987941575828667124714928480452608
86,0,2901878445053996558770621863362839977315098768548711546838945463666212864
87,0,13233143977428190309628744836878217084469533129423320561357862273181286400
88,0,60115614228697077367487180363071644745565249109533488180746954007060807680
89,0,272054692502781641396974150691874114145895071742346568025126579430543589376
90,0,1226517280212665401960706377379590798746447165653664955776142017141424521216
91,0,5508623200678623149854908326786204797747409683616627897062126357128990949376
92,0,24647191243283749032865292626922911079287430246824984195903987985683464060928
93,0,109862481972321560325768677575243653842715906519614465279930367933202161467392
94,0,487855519078789201639026684463296661860036103711430950164824232363336422391808
95,0,2158215166947762674742108311314700171243774506372307314548215817127281449500672
96,0,9511772099935877552250197338349683892787988924038240499072545231940104006336512
97,0,41763069469157401680140617401016623764208782612525985932989470466606823722975232
98,0,182678901748497787284029605503651097991019264743825647572559449548343896634294272
99,0,796067216775391618879043178341978191423995668491849139614283941960878913263501312
100,0,3456021581662813794873807047915711867184372120862940734740025077965279666375753728
101,0,14947485485629332998547087706041856624863321113304226470526776277373779016551497728
102,0,64405668222429547815371137967256433624436174497861490781974857836660553231958540288
103,0,276466938530694362329604783232301649830479806229893789484649077319614778094646198272
104,0,1182290030653043396537679093761272490856174139952855969697327066972785700555290312704
105,0,5036916524226251910153238735369954767372477847718098299679950363097732350848720175104
106,0,21377810072364179147609133666200808432755271457009959621648115624866672974883005661184
107,0,90389271505702658554673596495865751787674707048879131064922574213371881168916499660800
108,0,380735075041609250634875299246176183670450862413904154737155714200989630221095242825728
109,0,1597636523033419879975096364860045640060259833743481528910954041571250444641516683001856
110,0,6678494396443464203928552708349538503216808585643152394099213567885913610585209699303424
111,0,27811261440724998085854892531934606286773561516147794839196969912765476239973294988591104
112,0,115371895334912840819487703409345255759987441216562277909584440081156708446282257991139328
113,0,476773275091347251902495186650948538963564352243262516858776744266311788591330313258401792
114,0,1962688015134629084208699580987595521847576920054156922416652520271069602943484581322948608
115,0,8048458603849081153544777024670233983662326135731251795763429020211266801594302195559301120
116,0,32876869105909107821282597128091681423377453835224280028888328557390898633224990037092073472
117,0,133776037492173897794111630778906278378847517130782136221107410251367673823379755625759113216
118,0,542212852169947753636896898450856716054381321019489056101535594438558805453125734460475047936
119,0,2189061580948585783467032764350737057646314848619621351602080862349296655572708097444885299200
120,0,8803098179118803615663516711244332812109727603345145438214147010796820075128354307620959682560
121,0,35261016043513772133059443814015165237817069224613959474279574321913408838207740499431791788032
122,0,140678501014426577759186949251201095371057891907617347687301883886904426288257549680199637401600
123,0,559018010200411509354504987355711245467452171189857699822101287182454494113112852223900284616704
124,0,2212484051275174180166846874391630449539808585787330207835026983977240314100375822215641942982656
125,0,8721305364624034988735083100042124086721928465320608784512272518033913716640158837761281221459968
126,0,34238926027090394344001151402332558811998890123326388662167782992060678084879438537202251186831360
127,0,133870828823942514390552689024433695416030869881906566661533842267418861533852147734055577103368192
128,0,521276808699240798926574369019447195776380479210913806880316402961175099630388236150594281981607936
129,0,2021419781409901853743610824035436537610064947965463120816707421016875900702117673582768313897844736
130,0,7806185332202121538039364976523855254196886933426318689616423931405178580202369364609839715932176384
131,0,30019508699650660155476802263079310782604451648239478968116166236863559411114291517098262955271651328
132,0,114957777996129920884624989329366331989825636206016826115972286118186733673249564654762997542528483328
133,0,438359497113648987651345990748850081647988137834039436782688277986420548757970488457113481289527197696
134,0,1664433731669173331563833321030337066305316591845336724856282990775343709401048502373500647642372767744
135,0,6292640181638194372957187251704564199626642657579953633338634023484701114697536779271294944113772724224
136,0,23687289992347076277733405538408030126417346230835135516036317558861323220152806691797587273033630351360
137,0,88776747936838504536877907690589424514294513874075107435085235914244870117030648812623503631436655624192
138,0,331260191891350723901078552642887247314988675519018389706238275241416056804133273325644881337663572410368
139,0,1230579565688452206151916998115819090811217496367361969642624499472023747872303039339138027710099029491712
140,0,4550973733690667455967815185654907458338968127352005244278651323268375316718202272374862262242002465980416
141,0,16754688251356077587394941462667613622446742912358102930289328196734763775028056461000362084650471241285632
142,0,61402836787190893011155201036549485516201284242817590848708246767076794558466781196746805760202999618600960
143,0,223997255283810430546581801615628135191939451011570192378723426435969959576436069475599975157322699286511616
144,0,813356017833699137714971635333038638439580135662465541237392991585355817016651520002247541663517059306356736
145,0,2939567061820047884224852518933622097504447553929158651396031610833489570106102895404899550176008471478009856
146,0,10573801392813602591569132533124363017049614036490091898533247911597342857769040713571945816411204083658522624
147,0,37853304922267163267761529402692767526665589881416061035998368812883348930334415337006610515509235219430375424
148,0,134859180432140477847131203440605577097562651764077533981059672382299016152003634098131610294216396256564740096
149,0,478123232880879170126979716008373696902431835859520759101194824518377805692364716719303469357952645231570583552
150,0,1686784978576767063897220184834341254364932760013224943777043201742466570792319146392757988006661055278229225472
151,0,5921305005187860585213802887769569905811760237188220083367851255759626089662872942744110545423161911786484006912
152,0,20681860147506134459566231821845181224786480679127345177650516803114541063988892541435888504957938292182439690240
153,0,71870750507100411342781453756156603828961847495726127194630551368453681831716393103498058921860058607205554847744
154,0,248473719618288948947519608919035364701671223565586590109930633180640118228371026434624590620973061207938548891648
155,0,854572730067649445297795205976894299226883910601566023575622514990850115469328984999331616401257366907790655750144
156,0,2923693023285094180857060112606527649633361178781768653666378839569938139867447907506026333326096863909115309326336
157,0,9949513709622353309174233698004909857863770596438069220283989020348656511967024069742054575555752784994917886722048
158,0,33676870125145999603987282275624169833538322749205450703530183500141420070695227597578300278529625486312687440756736
159,0,113368676203784623981452481774417586758841332207368446088274289243559525502770523341582861550496588354016455164952576
160,0,379539399013143446027747359271498889425025876032521733789186472161448126079038558980539634758823932351484951870898176
161,0,1263552466057167502738860836948361235921077322416640060545667500100290009674031647159705448131919547025946318488993792
162,0,4182844598678259753952764356862297988446784340109127370661842248957736076254974729331992291357710776295257592344608768
163,0,13767682487387218064195512501526922839900216699355527079534767971305761882648537979625395702135054596502443956918812672
164,0,45053490338358103482184020262243262056032683206284766288220790126510806243920744109629458362752158019371925519516827648
165,0,146568805225941177220142355758805383546254376170244856527691452507800631375444896651326876224258988776462151124160348160
166,0,473986917774737265254628927900931298128387640461416003289162429942556304180377583975920453586154742005603695200851460096
167,0,1523590401194603462536694597307970428923920297533896068107097479286069392624615352709450755226523273439857591585843707904
168,0,4867564173486390219245683109680490333579994470565192980982968157213912733927077309141688396758756633180111198572578078720
169,0,15454693432880549286729046103468970417459428993964893467904501063634001308881557956823968961135340430750999007896943984640
170,0,48761510852428005915728522351811522737538143558759519825861116145686289409149754373177662282526623186300741800892989702144
171,0,152870570310068740251135787192094913029648553895002300016351160646972781040090293791392273097409749414607654348783892824064
172,0,476169557482544481467644033539236300701710937416918691865154250153007435955341333094067607125269947065941333562287630843904
173,0,1473501263868255262200163623255049399691183768761112656343701363421438721356537961246220839630947819385942445833326449131520
174,0,4529494859822888982152433235624796542581121768781195802052972545163709423404401426612202079800518358402021679513772888686592
175,0,13829857598326699878418798322290366149738946474210982744167927748234208609374770059652433829688740904280978653044496261971968
176,0,41938384666857780375944890902200130995690377057049663104659153351204370787931816285418151047415204020085534548034727754137600
177,0,126295586482446137369795666123576775122639847811529936949510175187854569237261832266071521034345936138709200396244852496400384
178,0,377661410516167118760977125248281208306245962313480678678916729775008437553298218248516058245474799732716840070527256705368064
179,0,1121268238396979409837371446196769982054049035627175196470633674301918344384508306320816249258531151756412491953245124254760960
180,0,3304931295672956670900672957327317172571744328321941575654744690871990786858938044598215470474656760901347360242118837771436032
181,0,9669720044467542741787062257604069665484311961810586794960967242104036772076904006867599128621288841308402021215684111979511808
182,0,28081186765078127550205937646133564746761135106513176820878346650211751736126111552329480842649286050166004581107408018709938176
183,0,80931508760852662081289643396427128889643037576510963264012402893894573029768393634544621151181493476268905334917135534791852032
184,0,231456798238983327679818432899871074317998199639824373387600359961733098936561535252014092685315696173184452206146786776705007616
185,0,656781389773289811232194763259467474112012334743592900913245038097599587251084629007767662191852858134183216421823769519689039872
186,0,1848918409557729454789942611730387790915211690612131222247261521487427038794356180636533460342433964774572559741606103579796439040
187,0,5163058252484407559102722126831499608776323172650443220905583318350271484369655601215573224629413367762410786278250842402801582080
188,0,14299931643828765028651236600107400474644088287297067214648206196416790107320555907911211430824585649555291137433547168372210532352
189,0,39277402914524717392019370280954554276914197932960333346370228682750797049956655661833866390292574894902852206052573856613184569344
190,0,106973584999335693150060267690068465718412941462244662281362670009425239357624235818239284610321528732261526698635459993770949869568
191,0,288853306502050291580495796664968093710391979276798585936301776902735987701445466345598536648061228582736350977518497281884707356672
192,0,773189701790486787382133455618977648172825591920563083536484697054402864967568861808853859318749139168029636267405735903376227368960
193,0,2051362991309099861079831849100846533532955187539235449497576161935362430737789010639905963779666109789194149532998547173092501749760
194,0,5393682941435054339361074162937833782866712222329607926862163397661032377222898575489910133597490102429203195880385231444315054014464
195,0,14052459826961434905035231074857230715756518360977702155004573046834840822636324857151572531318376468540942613278297807271690513678336
196,0,36272695598139808506068343876403277849711474580656741508871044998823964306461193842945350662249034683917286120913132107431990330392576
197,0,92747723438362665981939681914535723960830250022952755433883968787597221390385534765622886021286273074946723218526632036808826994819072
198,0,234885909977506457457579036804271265474138236066320852884265349875978004228910515775431879791248333296003929581094463127573546292740096
199,0,589079934291649308093148692721589249643909477674900145539521487776166301094214505388358714851063933970449130285281512579916401107533824
200,0,1462807902006922492146667035965078524968131218134934149352980148312914620735890113695500008463819116800406365418258705316244666906968064
201,0,3596064077543884056611411442392252817019662272177954680474271340821814190375321323546693046788239851304900564015327049010759431557742592
202,0,8750339442018186602215850545386842320950613277055437690971798136394101414793465347143628994141381188576859880846817253098911664444538880
203,0,21072163618778311533815225763259373278652655837590784007078677841328122542756167134489775363118835283475719484838551741579502191901671424
204,0,50212132185724338770504779083081683677884165236306243191457275504719636063753578811329243623544940722628957713068162588138794064977592320
205,0,118372626413128865783799626145418734474596071529856674303965073456639405466184532765965926556046135503801029351180333023060840239731834880
206,0,276034956397105188681558163772624522800204253835151162687454465317616584619089226716596246842481419615743941408975205094399019056590487552
207,0,636610153127110006562963665967124092448263794049323933977253022289863382846955260483664426810341625563141265808874108741974052833658404864
208,0,1451796431372819688254570833322576728882782869521558433770513636627688829771192540244765004355943435739357823783871659573860738776318672896
209,0,3273303045877659745687300339715469743992829326690327934620623922079395821345312984728472059838554180192475915269619525556463481659600142336
210,0,7295254278508817017966944881883891277573469896533779320009555011125697342858702834975148692677728401622755659460612212263978648977130651648
211,0,16069179208642683069150580607785256664022032915191410814355199992396338697455853908546234866160674356348536629383741704117706597005001752576
212,0,34976099319354566704281804891149220819737821177024492316693937800900731126200724096325588090870321776762737785624061300895247221889025179648
213,0,75214069518234134103003683494469138300634463571017711933644238819574857637280942569134820168109684827430732918085452294083321986984719679488
214,0,159772808142836570447834236569704724339936806077032889519463066677288284523775906498041167833483825622366178132441978766832035306042962214912
215,0,335204128558188705428450691117690524218448045650243043718080465992538601473547072197449049333129424570681317759046881647576885981073532518400
216,0,694458036731636587158289251863478819968058910764706053745365300251317536146721877656257791582868460242398554355241059307513768543333690900480
217,0,1420500125044881660174131688768219206800089206434251423189266325090733795451759791948393691244879773141781510997238691448117547496584442281984
218,0,2868301774112032414583148734150843254146774410133576205148998432475642215787726199489312235962531198464962709727205013135279002470021903941632
219,0,5716468401630611476628214608692190127415167214121076177997553653292901926818259934323652268668242022231866002467867524587149250470798669381632
220,0,11243017981480920389506134114700278404987261786681219306743623851969868528869865511067130145316469550697929619618103489578923503974168004132864
221,0,21818490114063998985985667315026497973405618267506111355770390679032911981338606384433494905506061539737253576109335966559210511380566463479808
222,0,41772430138121727082101069194551181046033081103597987824394760799380891385030137855128955896815766214152385402245385646032698109173731932766208
223,0,78889064569826611438425057475690051946108289919280004367009992174666748735054954662092400020661347223415098546031149087143063335419437406748672
224,0,146942352441153589720035601740420084396049438133843567315924739746872483641149393245736612208451243446050965025108695768320221528666019012870144
225,0,269913040517748377453470523140776025962524528136447186634876929694358111409981251041619531404043103739380376230972553216631209878492634475921408
226,0,488870262152659737907871227681386666092952856539238782208883690312445851751568485634135953821158680750788389572966304143989958025027424720781312
227,0,872981637363089253198204446834261862133057161167267043058230284159535862452551520666383165469003804163343345186736368858238732190984704332136448
228,0,1536773799319420635304810210766958541539747625916265820931076618927050013308760202423151018098004301401093588818435990881791890111497030544130048
229,0,2666628649900360920802666126068464036009448374782958741183439245289429963050715082441866947157829511269150888325638138788356698381591302085017600
230,0,4560580160673761832559445540127606249012691964447151706137204607624385925066283679082700389784944963908309535520465108039256746425479837755375616
231,0,7686747177260142688893518820796971137531261641145660330685710728396329558965960232457131388536153204010194183473207027304753329617727071590547456
232,0,12767115457459364667781493553458366486943705140456176943838112652526233560354359755620152649192863501619471470719267116028004611585147299613114368
233,0,20894696762651428210165496814356879725820344369672666346523455224222515149558075121105387062801525289867039899469097640842742252060841259470684160
234,0,33693060247036605622296246159135540330763816858717020129706516016579325724871011925848383251866309831851658767233539245758609516535364530129076224
235,0,53527433625152857926900700346719413736079072784789136529603002141360106085117823103214841124715030665825908999527320040978949805851517427992494080
236,0,83775453730408224764203324857221912260047899774415039768064815714788074967262751685951140826286304736033611487338355160420703112667270761070723072
237,0,129162543442396215893378592196162496086157324286469216955704773312231302947156590718588471924981621923446745707265515206384634515778916966202343424
238,0,196161101738637075322394449415594563260599907530422953276335091467670776362786516745326083869003617537220076361093395625316045963640952726759145472
239,0,293443599210509752096489079486409870537313260312113473689331415943563392114058431919378387501292131018087343391210535216404142369087699152115073024
240,0,432366926741687810952324219603199586164496111467914588629424282297588663901695312958791553393305121563370584844043709395524843278265488198360104960
241,0,627449098203107473281331566764733501230010836201790693803523857955121075488628179438067237330093124367295637278835031494222525709027205935834071040
242,0,896780555024662049340118282847143762451851964788856883166228800351113919905829333345537451546301922592522153547423099976879033393311975586273427456
243,0,1262292695847276744940982160938773459954749527447677108195254333847063286922747983490978708475627089819649668086887942785749392128971269691789017088
244,0,1749788780044315823660618564529976262982161797011391748458305824558460419866181480638372543204217629519374925847226276650653743197316503669676703744
245,0,2388630882125202303978418893128897813321575191262908537757678880012613109487747881444837295866504866971915109478166966334316493421875719136078725120
246,0,3210975736190346620454196451446593901454143078306110221990474429394724284773740285793614047092601640126173770285635334008845865632497534426244186112
247,0,4250466559092351285595339738823224730353916041589278806987273069467792184323111124078602189150567284346457512897455279655495096166144020293339840512
248,0,5540321350587534483900911142455690257234756028049861661045321618135790243745220106297440750693633978598679624532603393240589312290553979350088286208
249,0,7110812007023600274924091205560162616975031767104176545401943819268791630542332627063409023335496958808644558353920881348663562733520423710251548672
250,0,8986202869029535457788443781651700219775739714239179087818413694011996429690749306996962491199152457821033796117528056680732685385563012699857092608
251,0,11181304859026764147431721739192488979623810317680390428267800559956572800823637209932699134699097239713316287808422028226073017605698294711904632832
252,0,13697897161997773173882482136127200033642217224365447328195000581723202303924421549036261869555217100299893054197879616143170407129572166659601596416
253,0,16521351569953490091022607947284064281321931845444963564794929672669407081522718222682268199996035180018946235668097716371945016773443878969778634752
254,0,19617864358892984886869186482264374268362377273743309701765496979162452449385542472977603347882952292294421826712537757096181495876363408369396482048
255,0,22932714047889584158939127384071643340554048660719311814539976335667516438007006324128736283972940967661439179664177097621187768712122694203079655424
256,0,26389956604766420025827261097833788029060318627200289890809288720849882044371274333073353788604626770047682428491073844542593348612994968483077488640
257,0,29893846416380112478534934404672000299834893138805151069878615305122071758167381419496497039407660848852786512383930684660163149496330091768511987712
258,0,33332189774145277080205493787782410921852940792568799714759957621153019666804794902701201504536676249363852857278631089679965377009171239836014608384
259,0,36581531751533654900739833463238409498526101716553500042984936188962523896234479103723760070973597558898282471280210826247651627417468409744153640960
260,0,39514047358906974263882294129607090362579326525007882085486978490788022287625388871876816378684217834290384658147365342155324035920890266281481601024
261,0,42005460572514062690293561765660343930823272968707109777963124183477187006470941116390052879495031102694054460790264593255580673791165236630386638848
262,0,43943671557484272907721038311646718538704137464860191547298054413913083897650322680934751813545563543768997659747317996328368468238519758214416302080
263,0,45236748418207036715976169935209772818339217352354371281711954239647438897963729688056410506417940016104751507156832744167182900625298478986675879936
264,0,45820369882641656495097703228252610740713032763952863901174004848149065668949873102243095449843552040852945658115784342085337851672390636200990081024
265,0,45662523347661218470674357986098902275543701806596708854209299241698076488016767580554837086605633632509330465689930864883763768584811259103851577344
266,0,44767142722130968995408218711862816834144391021240854053637948151413554614326692902869521985825338627923725427524825146883859273602756611465199222784
267,0,43172843617378506737490917457903445328279483033086144289431625663770071123251431165082626242482540414398954218419206455199477220114424094144056000512
268,0,40952059267287317264456633312468799406869145498984665717610426152854266882329010556163596479058937715373641013377464566657134909506776113926339559424
269,0,38202861336064538055115232798443636163492750452310696163870444535721922873140763829915648232253215830517835128980966447006646382521699137763012509696
270,0,35045770658932857315586924348203953915947605746559305621845064311963265964911393178175612953106161411165731032473681746912149627828336030028571082752
271,0,31609314423896876881708974278488394905184020860088168096563334269586365364203926882197303992725424310615008469186450553480013356320707272842509549568
272,0,28029316229544378101804321116685880483836715318009552171196203579122814562399047955763481989616148268934314911279184481168011639412449769166982479872
273,0,24429145339907347971926528790296078109832940581893825386217108514089487355601849031477277658029455207949947787558981675491679881515495656863058362368
274,0,20927633764791722087393141522042719667338760781888096651654202407826626689234848216852042765370296003316415164450436147228887861040061501053913268224
275,0,17613605930475812970222573716696980629071285703535664048655189465329960919395649604782160593420608767008886671876882987277240620309406275208836284416
276,0,14568239138266104892152410603061998521979988263564212409519035696985207052565113415012866892173025904130226463398585931091915320635040621921558855680
277,0,11831251738834667530053017177754351705848145785142081349875636617452330497822743954267785547937159961406707086282858444529087204099906020946452938752
278,0,9441737172691518995484860031545418182717747426475891221540124882171974836861884772765787303912169663475657659098018599156035699738839725743619440640
279,0,7391982886114936726178675806549847182427332709480859296024014530561812404790646004639648730216410078523338348668870245742478995655188541543384350720
280,0,5688000324698259154432201929954317830300903740716384679076346324490662103543894106299192848725599390666865985064945047052177508400580299144080654336
281,0,4287821463632579454700022885598568377800716908777132018233999545274493119463215368388571180355116191698779295161321724398387083332805957624472272896
282,0,3179507753831291914198453763604795029725544175315051901942886664815826646102823116145042579096604495646200027206360210416233672573673059836731850752
283,0,2304219240780496066636592682402398504203066808418321144345511677463609779094394034121657975684916610894775573179460277854865018358973574736931454976
284,0,1645919307634833713825638731482262322467926694648442329384663935423390567370115618604504208202973929618288481646564789169935408698882658465619640320
285,0,1144258187557687248532721164777408240374186184294424295996768764166660719590435602556938306225758452504390736311642293521185692079441868368247783424
286,0,787393733197355557662580551880399021188330273361899507092529082262339514614210950837482275917238337051869212826739171615504995643793652130480390144
287,0,523519243535167687643919262300280447625668048686414404307921264537476985061218478573432020789599132862832450218203826175053937685626070743103045632
288,0,347322799980646815931454896099117107296070237670747631237522081492938121663607296997230630441443754119869902299065187208609185994026069387313741824
289,0,219879727513028898693321987474521816285044871258039946029512799882093775981320302747762600199960070292554018497562766726153273969443169458876055552
290,0,140927537485033260876053708849695636468964816941983246588243228132654021914250297009274827103415955415768708547878415878916008891730849255762427904
291,0,84409937251506171865530433530677288300821742609038530419564212130435037699045034892023371288993887730192938171446918404958917015798560176843259904
292,0,52465587689850399875184794237831938927870109817809478256218355466700721951860935164236777141373744853669482149794880514470105043959303375146713088
293,0,29462708003049039743694264722001894211610784222191536403072654593927645462460991731548806289322472438462429335674573216803600097363639342232240128
294,0,17871492182638834965343329892441711877848048507170421132026144235948830396293602391263028290440731390773601503389313271259286950963106571089870848
295,0,9290892527451101862117636010268370701733942664565985575648778107562397977471074094940752716408839219003136125650426971434288128721534524902604800
296,0,5552171233902547159128475937316069159538860212798872876034425254951498692005500457515904360388449128966935965565539748092103140607239927644553216
297,0,2626685906179882543561685609278891512965208799911533905383209066027424221902639608408938884062219912838161389382289928057024659725594551641964544
298,0,1566977016180021888783898483983321845972952482658869800774099372465151596347623633215341922132242651573089320484266748860978983210398311960805376
299,0,659620198759785344006639842084668204091666532128628836415126879344573165537958136647004518680926773861717028526302799454086951851719634855133184
300,0,399669263196643015547500192401349787747956718687967765235479340125001772121070493024908958926129288306777988836137050061870227014646309912051712
301,0,145490720754290245498329802565315782198452919706788357101620801254656259462534135517285658450716759502483786348821305335653626185095966026104832
302,0,91473608861817913414381207196723876433360591843108982050736293928377948735217676430089275877443164628512112297928438756712037862374879260573696
303,0,27801534910932090086784602216303162168528337962893483280699881289717836869550957248967201310955275733826599632877653429363983238422053225758720
304,0,18604572893048969363882849733373078846427715735525994986386140603974603979283280936689558768920005500873664806112345199729011196248506406797312
305,0,4524499914089846476572105366495601682444969106539964197660696986159038969179736574080296730121785012376433805052319159039274086332463669313536
306,0,3318529990779484057591262232627932288111064963422268500441005377342814948752618292503230444081397847653145791118715525892834537805598649483264
307,0,613508820339851190075992291720155517307173842920928368385828935720492360085997709652564128363899614150138786047610964879164773470464227934208
308,0,510087716820738304029393957438389408199095141277885124506300902019323106455319667732768269720458190661729918198509985627059291817451385257984
309,0,67308198955361201016131684875962396600308940058710178824076100389990328663824808273324901940902204252863296773287850551312315098140699000832
310,0,66010881749862321056613059163689253257428844413091370018441308260342088232019727156447158780694340006281504172893223434096363809391465463808
311,0,5729733594559366832964503315004273524991267657208956734864461347416422660768023853586780301268551835122736377338364812168546656937117220864
312,0,6970681770530804572789520559308315770393138686879714827969648047662547195597536257602462624955186855541029155281727354702661979844426858496
313,0,354504771880722391354667025972190940781968601613509698502515101884851053524384944332882850858273895939912821439461467426040484972971687936
314,0,574787499860891792792038044554230683207936254548839450676817047662105941941154447204540762552569860645463406957960512759597167721352003584
315,0,14160943653030055141157810144584984748126485820823090944554248270962775497990301472470763312238546701547639334336572755320851194577944576
316,0,34592658941186070793108958904618377709148593619018307114961963627109344567189982804177966908817127422509141388528609147039187983147204608
317,0,273779426151709300625919484626269046440497188628473232422615083962711781737951548943147120611142084244818389704809061737531667258540032
318,0,1347168892707695306261054629074833643083887948940291870120598700685761945992970237493610244253765763426712532437338115672720624121282560
320,0,25406996166097266604090495710800382693861564526516939301951883533792194346381625982124093208649258421294579670412000264497190578159616
