0,0,16777216
1,0,805306368
2,0,23353884672
3,0,493921239040
4,0,8512088309760
5,0,125715571802112
6,0,1655025247977472
7,0,19892461677576192
8,0,222563562185293824
9,0,2347383143431929856
10,0,23578286030692810752
11,0,227116487571136315392
12,0,2110168893464053284864
13,0,18990433913845296660480
14,0,166143941592700415901696
15,0,1416976587428710123044864
16,0,11809660345148722101878784
17,0,96371646627867517721247744
18,0,771364977682753384039317504
19,0,6064398181155662500271751168
20,0,46891871051290667582283055104
21,0,356993479446640611282179325952
22,0,2678605217874741192248833081344
23,0,19824934881737165853046717022208
24,0,144847195786668029557881494831104
25,0,1045440873858233453263551901728768
26,0,7458542034338765228218068913618944
27,0,52627800269388589524280609693761536
28,0,367458114328727959573736903204143104
29,0,2539992949950090406802112614970163200
30,0,17389060283551736923902799248518807552
31,0,117952610876274322267891029646893907968
32,0,793020674855414574408111027934967365632
33,0,5286287714902806480700830184314981318656
34,0,34949501054492003518616862683185822040064
35,0,229233868544242478279148182099056687841280
36,0,1492039169071401698741566417100321350221824
37,0,9639459548636817498281814860535805853564928
38,0,61829692648627302327766280454283130365280256
39,0,393828708405805168346272713870599909957173248
40,0,2491563838269685393630268397316115206816923648
41,0,15659352142565523958664136096367547721424306176
42,0,97789180445604883720452940002790074885458624512
43,0,606871072586118619702229167174271712467236159488
44,0,3743346972862866700916030283528648173130407215104
45,0,22953407327859158410859578446258688951874861662208
46,0,139932849460817737938851356435186828958868116078592
47,0,848274180939874240709476625212371798894387778289664
48,0,5113903692882553639471826865158416963271888811851776
49,0,30663473226116937372419459682501643346514725295882240
50,0,182891221307202989007200844194039583359157680002301952
51,0,1085212546151519877587435912879181051119280345814401024
52,0,6406674441616147692703096451596797531197498147129524224
53,0,37634808995785125981938161390855394823938179468646940672
54,0,220002351650444009545517887586237620829126379751662944256
55,0,1279926168659187127118656925439858336656842733178681556992
56,0,7411399173668979826128782908051719630740152572061748822016
57,0,42717833519994900212312451757688867471925504636730805846016
58,0,245101774736204392374140934629029291621557030021488040738816
59,0,1400054487284318717018431822808714907029656029190904755519488
60,0,7962259256734598092198298566991929851875979422986991965306880
61,0,45086957075092114636233134668477207545461137446004763966570496
62,0,254224783177708026462543854403311111059407744667359402138796032
63,0,1427463914800245848267300396696398851158184020738252595062112256
64,0,7982143451450248195239066944362652317314237430132860799552585728
65,0,44453591153766596141602424545277894282546492401621272184850743296
66,0,246576628841183420249397161940721564213545053655088905713891672064
67,0,1362318228648946194921535465294305504460922181160875631401630695424
68,0,7497384561852955147748140998707407921441831161107694454214894813184
69,0,41102447312737942547358501513069406652904945603404638036270254129152
70,0,224477878428944552031783646788847282970574466465182071944711967342592
71,0,1221371878463056938996960970727989945186979024621267979361660497297408
72,0,6620801551388343877680052741701142990266382084374797716855632827514880
73,0,35758607212091568095954099057653479433397821475691810098541277627809792
74,0,192431603257488213319085684902046542089070636596175647122963969108606976
75,0,1031848047421455777165979624109671003547154777540051894376264041291055104
76,0,5513352882203051807188057675395802617862081531485646232074140591983689728
77,0,29355743861741657513897963434388018668552778758763250307617653927115227136
78,0,155762762263810647729437624435671133513487910883202135575523909162309255168
79,0,823650366546066429906464528576849097075279682204757208243649199554009497600
80,0,4340560275427774669482239449480116944118879158733958388009013484481201307648
81,0,22797475726592179186582524974503738058423633345877816527521273615404832391168
82,0,119338277186340731700648334112731168050750316852322792571014095969332712439808
83,0,622641828462275787410846795644333808965406112123869397952618527134939483209728
84,0,3237989238929298716631011170485659985798528250539825417002675292227086239924224
85,0,16784318597468903189971768856914613518957267678766583497456672792298823782236160
86,0,86723230757664435751448233980718818283356785462256970091563713730227859416416256
87,0,446665513095322749256466395946418419314112764257856119803785496523470873657606144
88,0,2293274661660721847440261739170318908248427147912056521068191634655383415154540544
89,0,11737280116459095480581006301437318634778797793148001428181504214009608103740309504
90,0,59886278567321219618326157964740897959466110790054519851083491052149198749549199360
91,0,304611302130337918741495188954524918636208576624444921374340147771279106886697222144
92,0,1544662377096715064708961630036159175169838712772246509835450459311241468170456793088
93,0,7809077092043986737093253483254630355054404597265343023269728681583285636781559513088
94,0,39359887161486646857791001831835264594429357978561197497888264759225148030203115601920
95,0,197790340599941230822013131945535345218009274475739065654783498454597202980863649775616
96,0,990973922636180064834005963673431929373007110432702796356392294919498472530572797280256
97,0,4950326242911912635324187299925466713064150565009585130978812540311323361277352219770880
98,0,24656312339926298587537178230688735215236411419317503729860153106746056897561637142134784
99,0,122448402896655415818910978835079707063579682983265563934030625452365067478824638285348864
100,0,606340480577997219696757393939424125596753128553877163703310815905557009668606321512939520
101,0,2993821651753408687669117571963626029599340332847690757246220100289412554902891779422420992
102,0,14739693466000763206391088518723173036273840126276353658696702522299363044438875718788579328
103,0,72362098144361120508049348986592975809339101932662855251933087107424792053679008564950073344
104,0,354242609543967348852901597230102662448734952426752161723293804791447119779223510891987206144
105,0,1729274541454417848681537110856249153702536012070965325214686568689192898615016636751535931392
106,0,8417961475395818740799292463163112036800569502821074571521828508136045449183882101824145063936
107,0,40863529915602985314509570835610626112499790073694544755205350351796988011731785687076318478336
108,0,197813852470791450402442667359231655334808147937992887104325582047842803719916977727304766586880
109,0,954937861324318652785141405300773836556204218648911320270897370755313172639857982151810776825856
110,0,4597234231998821824281283436983445073743894293174532895216539105995357257185122433449966543306752
111,0,22071232445461882340569788569940911466611503499298293937649924847498468411095090568996759468507136
112,0,105674477397075063387885250486079503276575564598310053657046995209485190381546855361489019823194112
113,0,504582470868807283175538961397853507008792124051870143223907337691191301885521664145994384645554176
114,0,2402799380685778028198137178491186713897044086826788635050895741632557175696005167270535970634596352
115,0,11411185514479532309184823451695786254431966070591778786356852294281573408823523656380101683371311104
116,0,54047592272884528013258541207445188132944752363346177523687813007162796925408518283253623412632846336
117,0,255304535310859832779314035978963887058532459129140651391442720994977798036555411280446426169923862528
118,0,1202766703910712003991045299197140765919468800986622285155844205484900881607183031763871818562939125760
119,0,5651306850317242679519131803082681770377255536218771159254944801590659098868039371976540516060573466624
120,0,26482853800334259517434991484328768808485809517707634752756882418299473105300739940283701211481444974592
121,0,123774933549947341975035869184279026683378425025213589871222424599077516485439367698048018606276242046976
122,0,576973831067597309574402773419480921339562652450210152198567769296904092999605836604409580991181513293824
123,0,2682491450321304428162089257631150526469285007253861023058643822266031188052047619533019344603056135208960
124,0,12438916934930017865265716085376326649230857878151312976017585116534134029447213082199283092384437636169728
125,0,57529660322552328769080823229125256559446319418560408885340296396378513624158189077272467457064972641632256
126,0,265380471319542945620210365114607945097285497346887798272449348950998319727429635893429844650816488100331520
127,0,1221003110315728966982448215470229838915315789825084085951453228959363502916916003531945790107416057018843136
128,0,5603222246259301530278053627373755162606309908368465997240113991672581438463569141537863743945041814201827328
129,0,25646887831598489592098943676876465516908715925527667931783427372351605207325461376008297045931638229554954240
130,0,117087244114748719215688777472842193813091167743984880999947346396809676904568112729920018626909877293935493120
131,0,533168883151596069496449774186630657355419536729272790176381519063400459068762228264297391370719712923778809856
132,0,2421599883796360487572502171319418200138899632120710402791103392593064315627528860077658423871275333391352856576
133,0,10970446749202804827438570349869524278542652441450168539902278313585573796634798967370927829869148013211112439808
134,0,49571539006826250740447977267479478521729441876281915067976193371439296468312291790507336597818733341726237261824
135,0,223423245154760092321429233745989232375905674224443810389138084999756366016503675226806022515060846373415239548928
136,0,1004416301553084513595498778151656405615949591565794042718463740856851567830688900647749057302015891182154369990656
137,0,4503913603299745610655596899994362272407668758401129512751431709899129160337513789869043457896159434342636911067136
138,0,20144597177213761642962757128538756387072609664244082805239454013731153894541248244542756141775110210059051787616256
139,0,89871207966916129823997641731688813586897246993151122244072007977852047466517787234514626495178972830095277985628160
140,0,399923684819773316103580448899894923209050327000640448374619054959947993156004635053915347241990559454382823871348736
141,0,1775126092983713139704895380442602489485502025254379977186646501089683046180758304440127194572692836504373448113389568
142,0,7859188272007417212170186754045137173815548969208864244140001875967608547550154847112729427302809127954989523757170688
143,0,34707499863356083728079744843156893738409971562808604309040486880842061279107864534455013746433085448907681234453266432
144,0,152885661997218948732473637501310401087241403383703963968806809627168516283442308363636935312362563103135678953735323648
145,0,671751273176574903393147504370689028458918534097136613152585081341691828335649086378353132822676551535835078407382630400
146,0,2944075624489887825332697738114774220016416684814415448574391614396649079123164558675083770023052356623320926515059752960
147,0,12870293373961976034704586339260073450356449937954128204880355985658651153755973275447746530207510438669370883188168065024
148,0,56121224832985420710954280794369619672885456190914511276690041415906496555670200803170825511432974649196875357485887651840
149,0,244098505791577347399524758455747398237026558514584240778951658540446583834494910799459691824421823149485444671840882524160
150,0,1059015590422937487585289007873106128180805352112529463875605637148012466768792215460617295850369676098689733640449723203584
151,0,4582882220508241479269294072578788840928417499769256734025562559837393434853422475150053543068578070945230849633839248048128
152,0,19782168472596301070326523686284592991015136369846611182470003891789818442716889877089017388073126678612722600591090801180672
153,0,85174107833651929079468829550800679610355433066026078612097384657755809081549294149508393065475977422593100922098076977463296
154,0,365796308203491750537336570355592556847655463606990309444611493817703090460496351024184945082495381872307197752640983453925376
155,0,1566998185264008655186555524144232737673963919450162561341425915620139102003007047179149063979435011636547541639547491062906880
156,0,6695676066413649870602008121046692481031394415869144383047279156223042525089081671315447174977954405460884432876812262159941632
157,0,28537527855588573357451758036305961816077375723505348581874846685845876637922377634181454607682234771594639135406436807369293824
158,0,121320260723264306795436059734413612752565959417098102387094372236307848850041577539737917297752837740406993473771357749599272960
159,0,514451439283747768646320759176137906370633019418251645241932603446369344972334399411840902617721372718118855979378043121355980800
160,0,2175947377946240419657993518185013306131063708597118089810288333967813355132232226473948830271208487547085201171749968169360424960
161,0,9180030373304285496598411980334798840205814599422880378934538401491398360609223581977415406593163900667192265581401530114315911168
162,0,38630492608119988649236359090709900274604453821802635025451729806481124263828666503831264316709098221906254680260309473219963781120
163,0,162145662553939508911283119335584247246812405842877556077653332428273616485711910630508648840634238712050518006067495077359864774656
164,0,678840651964913965399733568638017503235565806886622252040464090781065555002346437145355920839282569068720050180418407586943463325696
165,0,2834758803252683129634693562755430948124562339588987638138184669286365658068416331943684756670210365083063272259424712887246398685184
166,0,11807239911956691505184662800890721438646503942093893097073224640971185439229549079420406449691907346364054091449058980508039095779328
167,0,49052686644493255583923677250457781366333931356305746005661537183837674951788466675610854452293114255366713980281702828257424504258560
168,0,203262549842028907280769973185595130314979139322246444814261138895482196645822797855402379108295690691969285334138983124140846466727936
169,0,840098121037725773382899379211500803814522425612249269510100629640378409033885714161007304276441650771975098906691233475275979126472704
170,0,3463207683717975288478249862271980770448509973134144052250856154943928840912610599668725957371521258309143649051623748485394405796085760
171,0,14239693254475512258484720269282067686693931369419898715339720158010751205078976704126298325520257627081152732838760837909891724200640512
172,0,58397451143379311700713514525159457851699874872777548785201111985901932274022939074813148092274320369446901886646632463311684920649187328
173,0,238866796684949093865633361828922957099553496076266510337120345923681565774108469785772883533962518516579531417696654755246880986922745856
174,0,974504117922150976237245075380292821708507712038621425694660504370173279136151559950674672750917298085285040280842550640892272767074828288
175,0,3965288805040841851111591850924835850474293624363530208237736094399103495565443870199902890221275342146217641804789197877477744370486607872
176,0,16092605373766149318617176399924400979828764559990785643607907661653872190218683234936906616458627844335402861345137881714487462115963568128
177,0,65138134855208724353809651806060432802786080938699644349860927466592394765039028382706070371326822051348773216097551302635147506664628813824
178,0,262965400287568279606813450005985889344358999008562307265053453721921992727786414356731050279086231333684198438939598924095475231188930527232
179,0,1058797808691532567784918385296303382306421984351329259195995325885770566768188016791313409062674250176548491393186245051671585799098939211776
180,0,4251823961307029441710882244852277643358382626759878208999154090941391343052654091279723130047181802002302331359491262862329693558149830672384
181,0,17028715987902464706790353247305712098254236421509056350534682414585973973686579367557359656375438883710170062598494592930194080455213902200832
182,0,68018862820010447669815357891417376273101401924435980791599699325674120610400399315313921797210503223281114909060941264933824051285183906709504
183,0,270965502637908068768862724411337580959295912932545408600791849236978992822724194365142088082360932771200528687066382043572877827812648625897472
184,0,1076544599492538957784897235295721330520495755040552637189499760428527778596603618514806386017794631573335859829620771909148543796288933643419648
185,0,4265594161419946435221430380182197676493276305225708330174212425674169288838258403076572242250947551504645165575311499549563380929893550436384768
186,0,16855921442662748081265009154130129214023459294541532686763501371091557961712627038224713673041367421423983356279449970802010303891759649213382656
187,0,66427326902941984480191575546502412948405405308339458995123679289695247259676517475165262781735608097999338781956872570176205878544881494576332800
188,0,261070678571321591344782839367179552771689128545466098557204483731962893262326241366571047260409640028074794967236637229662890909603518954390683648
189,0,1023250748154658925080991342054955237893608196935137477577467023684328141599296434778360486546906714331229888827421298108696610605222096229065818112
190,0,3999578061850864746547351609446060294711117952261321602880539727548296226745334682053429446908983904801143530078061241032659415567235345199455535104
191,0,15590131361660946280591628447294985077655649195837378762823496381597064867671948925513202323790436159492317633416773348519832014360562665653406793728
192,0,60601600054325318819309693330921909405741319319267450796984900692421687088645174183180933014910693438517560030087620113459126263704215018440189018112
193,0,234915799776310970726293393864918315295726755683466556828355229056027566049633011995683483429461267471848294721060006661210125241582213059029223079936
194,0,908090545132333293246027111218433977327711688141967735241204123137043254327005996518781353943442865176744489913643367042302956369685462218030299742208
195,0,3500497004999518931232797834241218982098613002595381119097783546543882606664648391265920815723005634856563588059900242953185390987481749670970049691648
196,0,13455771495441203297199884105829731136033143608653331745120955900302269423493956455235313754803888567313006522418086964906984899334258348312440040587264
197,0,51577513976844441163166682565247510127293568291270605858058506045014893015792390041881438747402082798581355066423571735104463939131096881862460378710016
198,0,197142179548195790397523334976311634551720509252320802827625760706177929053773610339044671553464913337060697625881833841299366718075668870697296557244416
199,0,751381241033357656913914669222889301334669262423769238741542150640932947529437170358325154346942519417800115280539872889387996552114301532927010166276096
200,0,2855597222114838454157521201639538355416722813410213158229703375813455673000836819355849365302944060052005877506122422347414422207368468513597151925764096
201,0,10821398313154113699520576671682169326106725269774120653616994980205803996550734535503438094155577218051128383027478394256896040792434466686516149788606464
202,0,40889662328280276527384315302279067245047075623204832348648234363721696475224860485422908984066222387756426538128384262490156785199620977158121610763304960
203,0,154056884643838163671783190984104282454439352522086835198206299769995768236957463583465918539981991395385724899759418803003317823980589071082408493291929600
204,0,578734983928836835535598115763503787275298308701137461051600161136010659305336788785098444806511325221822309860244767486719715137637731054996042952000667648
205,0,2167718293363056899535184738051946663227294895788467383573406143747401624942803333794251957045279118053783883734553493254400249054080341168870977747705397248
206,0,8095500952129038294768614911416497534283594561958758017371210175687172036047910261206584094799948937465386213514894567108704677088714330712049958872716148736
207,0,30143629196171136806378757665813221210989204551910534384522176659589222308808636746426537511082804137844950258885625232558795776131112676698517962737286381568
208,0,111905457913657006522512103541535931998792375511765319620760758183635936835461524688694735375125911701948620240219304087389566851180982224732706283508218200064
209,0,414193957035744081798642454357838417867615485227270567542992745579525740336543476538726569340447688871729112027220642274349007400555259546659186586286341226496
210,0,1528430489914556243008842186788649895842907837830192929474758979999087209219594493817817119175895964225859876489230133181090361464959434966363821430460058173440
211,0,5623019617077437038150591176387722978504960399710001932109198191519702241256393526577497312040709213986270823813264067803181617992835065322174879938508037816320
212,0,20623759902340962997949871158399518977102690186107762391527362833030955724300110088442371105414405658647962791583898569512253744116717776756490757453671240302592
213,0,75410641477398806998565053738584963922443559123131571607708654278188412088270414009495117881973631818390688163816015853513414260195967470567163091957228461096960
214,0,274888147461555020221072965897201373199658856631235509053100267997951110031644782697756148737658982097795029540051449201260461477315122970435095921283229200416768
215,0,998918046975459995633663619000876657363207536919655233773437939029921012792421129698070997842494848183118952822598501361169034345493775808649502875143508879998976
216,0,3618644166220835840339722461171933654687034461271384099696592896145805693547583285671948222281285576288817245050242030748572712336947896155729516823411714217213952
217,0,13067593462708008789328445393983517743591541124696262700857383356565152619436774312936843833541998584373313421272495735131988001790040181987479150670564819799638016
218,0,47040338044411036593436204008894258921018311331105895688635748277714781124710368108683782103290501124064340620152194786320090642504151499687807806575779278932148224
219,0,168795759188293652915543800034009600787981616310809556157911071242605538347356944835572276543758766878995430629319567025739997687765250016380989587455837707681398784
220,0,603753866587855860144806691542280960839530401637200258201059665372562990816169954827226547663101510038988797452578996182593356450313047384894835833878194349332758528
221,0,2152565899132736986933168858336201189192868431729257186367698100636387367557144836291414891264286587380763426866427576449168080804361015297942996364056003846778912768
222,0,7649653851208608617386377101469599749040600100458506906044868631892844328741407016311880954871031626169928562404779096611251234131695058002832235692303401488943677440
223,0,27096074997376416060949978160573283749724934530758248766365119259576567577253693536037119979506784503168132802603289413306029806996615020697332644137249702482567757824
224,0,95662241886436142355124559849173758867358809348753341928880031508276038214494768477022284699457950343626557838229383572611479007035447304737208487943770967210918412288
225,0,336615721474510169574130770103286778413800247715093858927144398111448688000789228006935363164369142131164020228256442277957448519601054449682293156361963418473944055808
226,0,1180532166583649108672493890253264391719365632276605711068820979448680506033940735476278230985427534310923194742435043278110634151920605852097859249477671047082132111360
227,0,4126297788536141454120297401054559480032097107692063024213840458407901491322072222925829280098230904634572193442580312627197230564095890955364323786991000871361650360320
228,0,14373818357239257724831828926621759202058468264876804436594393978389485496126052985241697662927703102010919346541993249772658430109277219870557810560835731118255046131712
229,0,49900157317670730040960224972188725446162811413351851168539882744805114291913774182517591490613568232417287361255694076049303860688659971359137148542020480792108961103872
230,0,172639031098645328679468481928259792494875007762863667843361019737461447355554453133732080253273644929423151108065562213121830500425493238349410015324283845070033128521728
231,0,595212868778224364551251769900692907451345031906514133528275350136814597353020110915077843202504413743939961325829808022035864175502676197893568148119590414883546413924352
232,0,2044987289030547159071714426682652194806777143301284978688882797413194993650761267977271616023862287425043091209427976147779958551194161659449939433081875235429817146933248
233,0,7001360132530053762776807407943040487194860994804697278989906987940826160839304949753254232906318122031980963215276483865445022830608703866334840726003010002849624703893504
234,0,23885593810683997873389158397530584317027628898873938192225453704810960046102108035626929129751190866115149359639240351874969045019458062193618562205335788654697284127162368
235,0,81196927484327417621161319006820937356847346308773081887405242371805891927233596463011828615231358029789528405155074646844839325797894215972400820824785252308325084633759744
236,0,275030571072263677897667768396414153255217543147314974767551780880733633954543343470390166878596632793420869062775487029704650332785566478971993388277412369822875417598492672
237,0,928213425884670201404253877319098921044062707266413064045003298003914559600854372078120520710219030234232331833145535776359841648365942202669746795695659923883206000538288128
238,0,3121243726837329907751171658860112182015244972668165553761624592314435147543874116623887677544109856486617478015857914386772176336589585599352272311103563803689771045518049280
239,0,10457014769946611364002534627423686910795504606704626951823782716584761896447813202832270190142956561971422209076708012584079342726102477642933223774378184878353763011750002688
240,0,34903982408696101603770781464905452533740539596129607868877911083009608925826697109182398145291308597718611901337586414172434501876961175445624027560338827641964513654269280256
241,0,116069003285010442494267191717472975626483431446988435844248704404170897844888355689278477543022437733318263024543353038086154897652022633880850556444327944578209573625583894528
242,0,384519270406981170804445521183857743178194165852300720587532067053652773404477468887730911395876363524315258507511560867685129941690980240177709008812801511669143834557954392064
243,0,1269015367573115140515599201417152859224439121300377354384998945313361984854977785968273187877523367837524251119018928144756072684176746953553014321029843673594578539316294713344
244,0,4172042029488543921299419406249698041425280404121841985226489631383676197089334340483571547264306277952651270019413961222458234634860387207014363395112421829559831691366240354304
245,0,13663103566340638876083810210898277825698290898535225354708020909706921750275276155209599946661750795861211989436985413426127978119960384587714746302212804202265728661856989478912
246,0,44571225041126736291608979553187005071784632947829147063033037107409369588422113201464049889949562445603246527036823446504205012210968592532284362519461061285797809950065912971264
247,0,144827055333355913979792512769239160294767641491156546571050033466389453317107132416112172231774640806436339300783560924059247331435536542836871497927136300920174948312496585310208
248,0,468726925612991305129889268119442267507672451183120943303319762844798973064718289842791705303213496823280716573182964380518780265350557256258147645309670842177077724656841208627200
249,0,1510949966388859233862229413726629344549021060889548895969933383787854682724702162131602734595740926462213505920077389062852360454212080461907866650112415681067903997833749391736832
250,0,4850928875410683239764536734443308507318556165033969781825588125486955279947500555819816845037906846809957433620369423105593529175527402281194827746945499753894421417947317137309696
251,0,15510606726686169097696837864554762213445041028214092403004936117415439607696556472693597175477150109152298972867468844185153978068930111503622276837481676929659076922248499501727744
252,0,49390779897847574279542527603719268103415900367928216188098686049271355206683832435357111167534579757381474394403910264594343247919376349945090044765991583606488036970298297504759808
253,0,156624648195812209883516781223339334599390017223860421777420556967473030034815230916741725440347086110507855206722379614068743317457871366964605959671877879695061059773583554747826176
254,0,494601140648081122877214187746479669465933785191484985419141634300286359794086361509896721622657065605068590595616990224762603746108232775269799790320253404836624243613030260037124096
255,0,1555300438355866906448729924123732682137668063012065914279753029571408381552857586166741153982695066444953198006563481262020431547685107912167778413467826278763658218105908668735160320
256,0,4869908325284068373952460468450913195710041558613810870841523900934659086217036322739423079504686682508097445988537252673872641563484045483192525825877318350533391842156652454685442048
257,0,15182995384995688008308202921488824184467136804562279072180975666375279690132893248324169875508994926829704352109901465609656105597478971012067986612205860255859796739258342074243612672
258,0,47131029270974300320079956681727538929462035686395845478233486840797649097969787388880664512227011565729928953447635401810741760120518574108023573461535486150057258340524402607191490560
259,0,145663760696924762923985127476094821838866682258296513672445309885274143318758050609925828761169788233244963475541487726205835160746118137510948453488102566543246308876907009899698847744
260,0,448201506904691173027762723899562619387059690003079162820297704967047048493401454102238529139648367018223307774027085390592552828909927105253308208810349632101617819809762925387903401984
261,0,1372948051001314922000286132444669749414890679860185492810004178206515532219288761115007582843312058887656712246603192611047804731011343702678131256162135806589034216707307076262979174400
262,0,4186734489180202313684196988109448634673446047060577744564052136531109617193191738952343186122071505005276646665926625740032065711663275206060018128433991330487221125458592654620308275200
263,0,12709208525491155480465622666143911887154881549368727174859399302370728710233423693455820828135603895481504248446056727309855085732272296863101064409995665920517661540531435174346811768832
264,0,38402927281426430698907355224183569322668371831101643763021434645876429625111303275511450969234122565817122273585373841982392775062426311976956123124186224446284358585450644584633234096128
265,0,115503084312770975156896265065610321083120744089100383666826994162353448851684114187137399768268473706933772675172091168799061854405521386933770862280988134848413912794804616282465638547456
266,0,345769486244436755865648003240168370277384546117452679683295062150090564954519620099754492705460228000366267630703674976279000516713945758455444932216931686107441534723720350584764285059072
267,0,1030205107125356793176779235595508750823907029800542600671692820458519572885353662045356564366367657185094839460189581672263206618350243433430010486120226277987444491285605639619864076222464
268,0,3054812186129931367927450786265312598164569444474150672086148775534607695487752405444392338325871003177435345832607429521544801912585853333855255100904518978111317958006690958222441656090624
269,0,9014645517474353191097322999785377502874391084893739393704042181906156069043876221139919455640077382634462485262166137713748537959081909351996529179289464194715955323084457726416091399323648
270,0,26472524897223112868295286728419516970291189491317790681163987035820206108285216147322491519449820569638313651656004248566814069777795970191709170223056379148532350888560891765012412116238336
271,0,77357709929783006475087196526477855618681046611943525749666309205298714085946582911482948670433836166180837735005738884639016609722512932076774203135518890246428624497832251511657534255529984
272,0,224932406352455509414850514337714803415994675880708005261638332726247694607123106972525365181875024650233245322795643816970839103354542089792243787814617487201746645941980830626724791550214144
273,0,650757226746851870824366138700685917339235105887189649868482480275583597163654053311125998812550354141270276578897014338289255048123867289711290411913517219395993616946595688831579832312659968
274,0,1873193208674001634234012507605462482202627197946123222826425394471529151172205219249499527205561896828936771243381898237173861977563373832268125731209592777953982655956843638642713243041136640
275,0,5364392052334631547431170724524213401368530151201185742115969213814561952392082100283127638355059704200481538035401999689255764580380659613185422776882225002793039190725964170205067841242136576
276,0,15283057921249304726271467323937662553475072756977243909060322239078060708720489589941997108198640404944739240317276564472553431361960791673178465614630434239736543237632431206471541454362640384
277,0,43314067180404161397515847565693630282998413116138113247219774119914220249670440612680708011068995290302722587535129449806099998631031628130432404747377599979859980501148622531842385411607363584
278,0,122110628808859382757287237244606141943295842243947753983922535660089746752151731342818524350398985417679803244251167757871619729814466910298273088769112498152462041871817373851803481631254118400
279,0,342420921459745972413696253367918429456889685207992541656185538985634612012634158530928241573271629348537793990489951858050003901531862689904704356756788325477459371369112386702542326216897069056
280,0,955048997733418621421724549025653987194599254502253950833487724331248825290264461561486350417427239557805303091560057850053270712879426760719539812506054834619070237249744927137519257592453398528
281,0,2649265321153257291220923233477339768194409372698069519356683830758779349833457312169327544043132619481908580538859603529696691417001082577930231598147897235157763647773515451845754633089645019136
282,0,7308618351194614304239198469782282375875062459157337989590063281272388669339505294292408196571457925583396364706754997220431355433438245036577018785779599629434244830771405104282327044729069371392
283,0,20050740394238356432975370418172564828208612719966661118491572751837685741453151399890393709902980475686394910902304894977889899737512463200229192597749261920911431479046684610826106758437535744000
284,0,54699807843156419505378468176641659562543121807861741096298253653824171637605046788507799566453530191447542761008071743337934976101490799893845010081894342065530044324963725677867333353149088923648
285,0,148380244735664547986150141020656828055718282096023336181727786886030883572951790559978312359997392906839677431196191396575283618686834639532886222870268017176807888176315289227019232867402314153984
286,0,400198616166354923903524659270360687361883313454722526529514128609425959039534068090166460958046844793412679433065290176382849087031925433290282642243147964203136359104431787743770707054871288217600
287,0,1073144744008932911057127722217066452477447076920057007725101136789125601733450861177016615239901402257817892841324116941289521743193540794339117286697301474600339133003119684693280714399236501798912
288,0,2860868723818553658010309160526081122876764192770260418785584122536424536613624410950745863376981065544200815941294640851501597590818645520402107504555181959671183383512389300351917424706148016062464
289,0,7581721587503334347047352557711242932359200213333180051237181976534814431202966382382455674199446102518449756648203894097897601711163836577372393520238275854060578309116294331147972195193014961831936
290,0,19972897027643995948586193222289161566313439211006618768479355949891213686758882528011250864620001231695422688495357926194379303452049349326595929405743971512651805057152187836568876190906516122894336
291,0,52298635603766118189228572678912194229611325913900281674993370294120596144313017477077217695300328189208830245829710923706833944124519836953269178062893088141857500953724068190571985209181646469726208
292,0,136109407775832334997164634446347065982082091772946084883123753592095466668648899194243884033408200066809480566291328018366852924441527784105121975472250266528781117127378705571713762670087718335152128
293,0,352051770169025187597179027841052068591255899028843430588336838449384468451920561992723490751123484630954143087649867862197810067718806087857776769363506524777714506447312531290213976502357921911275520
294,0,904934879497176466863748735363751757904300856662179040343483941993782505966323157763877727013753423107273834745045176785752750289111331101790216705438937632683792395387473652964251434644799564571213824
295,0,2311490063512704847365577014130416789533172393011508916991026658798579025904640006605604793074569342548393295642461465138587674229319123740313565553916402692597674915019831179910782469113760480992690176
296,0,5866807531976135806911607841262532940936504751897231600522823388746712677141354080861588951600403867635640506317926918588548191107579874707069253727068232509244074280659150159096458647768825684654292992
297,0,14795091705985455952012847975497053754204169669302191831883517718717896149860029129945289698827739742484187909648857267316128417638436210926294313953291658592038659673360970483751558511674265764473339904
298,0,37068934748042896486568826483832945948965928582537702420520484855552014930264946861825923323746523052155436690238656967849037891213817569438387156790119426588437596990538364123485600848103399585182908416
299,0,92267659360968066297993366632047609924125308892156663318280288132551738471594085209625878437430391478021426184332556936378678194142495404279983255788400602992835085428678557060702718679190628253449584640
300,0,228142348330283384017998940444678387096021185958577490280389057567423443847949221347603648764923523408307308149681435162167157095930555424661913949708650506334281769156454834070232453628059821840479027200
301,0,560336744107824373634365254513672494887229143745418010993832156684950509819937462965171740311296568194042843500369916049349376772231631700283922028493766592407944036076145535466767559386903100980262338560
302,0,1366937359678772290555092290888932611803250564505288016399498921854464447118348946185397772114569812920112988500164803695139303162632255652534959656133385258221320988059008498956939674602052166109374709760
303,0,3311873327334932353346614420801051659801042154616603483167205906285944854816411310452863165184093018842655121352725256515726090618152204674470610909594289512646085680850721368268484624649754021274329284608
304,0,7968809672753323551156638626192277860164976390771979038719370496209698354420365186759587678922257720092357820077653467006951081372709651259047167643031554864086969692412128760006278380991834501962520330240
305,0,19040425011158756779963290466576395603877047076302033415575294173634976819131142750205678893486445958634079814278213258596405474315840899457687577434023967126021420813346010896712928555451699545130737336320
306,0,45174345948426264000973312974585270377375149801347639419487449238034475932659379132753980233603406135757528383981051494799575203054803435569036768212732342427211937958733884951982877624676163065324012306432
307,0,106416156122643766494777263051542037514779533618888082043780778254254058571797940209639777481383274748326893958003607095611703839693173424257454696092249509441412411743835683682460302140071588148953590267904
308,0,248881118352714831509673289777982537271901996825082912302550227022645858166951116562090625153022692505864721578863976336755472143964970704233210017774900519509922907515683976336224283678674341674972591685632
309,0,577847297243014530315960405844932399545429959836091858381227477399492163695970748124581953327931055113541744081703639328891359185938631787575607768213237560476031171916053798982997696752598693256604315287552
310,0,1331799667682902965475533127980535966553823913985761515863584613490975055419520338007466518935123944093750307565211722620692002188579332387587627310214355582120013167685304722238027490699407713169710033928192
311,0,3046752666422690366544056212409081239300883870365222458925852421499246950133351346068878188053319988800518524282393005693360274272580759877679380309294525226111409827563575762453209193161582258939834524499968
312,0,6917922335499129546928686020576099032206917536265306150583259756389846621159510546303476849582664867111042406725642301652229381964393841721602205913061046186837992624646647819562436861752159872959500605456384
313,0,15589133454859135155069590711347695256095406776874314142115178625088053087059743004966403156052912401682701871563719707854551430772683064908276065542352931072521034987124698208045982747573066108026916112957440
314,0,34861306015500692419359370413223382367036380366986684420337263643152184687661903494756339547676759588100441904835303094090202487989652263719600153734018680627034841214385849481568554381515273365645386254909440
315,0,77358540214792161706859406815905943238799846450934258224579991992427894336967029405907541353511892136668272524305202433821343583858749385606151029604505476520431189027577576536508700186221979404371982037286912
316,0,170326948028319260767335004898492649551935696723006823322002884907503499187909010426069549580702904497608247597269090909446576721562868765016356602779835687921071051517226356372938068387959603262414437801263104
317,0,372080176422241482271712095481205886658846952845638809824188111421602631353389236807177302633027431058485085854802018563399113620174356591408591049835006496611596790798173273463691347644763073055398915672637440
318,0,806371952404286479824095360110213280968501815327757271710555004736328680630448532582707487861673617502667531623959042991571235339436959157254963376699685285494719139488743417776942671187817453699317042513969152
319,0,1733595397871271455228644714088092322915880566449368822298094281319278268062917706396222750282755403531896311779849510033740027967526019759412411000714870129061919624113646476020274784562160521582629128490713088
320,0,3696931392149155980725905165710271893786792109946233326187051302377194778650322254229979290800650425808637895779367557104589858325526194106906116045003950031832889328687519887063704668051455043683695964138242048
321,0,7819597018350016012107346723312981811563702235712664431718927508592107969935348796528133794303988105334547619401877632409370680800905746755094860248508836296505660231296560680100984264551789280610188289479016448
322,0,16403816596836357286899405835941215238095481252944729483926383987806837143069538523252595778812310363566750484903546046989811805608426749467159351947596443655188117140224109020295640300318895769370551115277402112
323,0,34126475138547486090929439825368770919557387285239804086990373398192111413976310028336915009176906647940701876196636105858523828536641477792585397441897518454718468970939337405112049583103738676850732055576707072
324,0,70403243067636567448876793637465954141154051245660101583690211712688377487386982728832282173716118124747925655902639032170667713052321492487159945842082109875485594562609541198588460855752725789112103993587269632
325,0,144018276516694135595918542054599911618381720529219920494636711025631983906027291079748152609057535776862290915349535307616493551937303302840858263135738643054098864127342553773506156100426983618134500547003154432
326,0,292102726816661501833631476312110109330104380350052515736417804533560052006346587841412983697330121201910290764105954409142306546424837381644084946421787891343806763510435323761327859756299469371164910645621555200
327,0,587376257926042282196125852318682533499519474204984672912387742313886735346429760283200531571739659794047199588792662867267592245616005014748752055455440234241797025484395528998481105712285031782928620892461203456
328,0,1170927662901329246291947550949974885891837553928437258265034898848474802870672917320536024480008937245767706813569321198400748397800744820879455114833793504966915334173596891235799359452981001189882493508832460800
329,0,2313914009141938288245806462032258209189925871730304115351277647439925835890812041084977879459006857809278396597202506667147358850368639138539139556103006281108685970623293179893317685003717567811092396090566115328
330,0,4532511181563140381033160510432429907705191683083423885397958946953065916921500072736081551333638319557486974829260117723844895215578111283517234481855286510634164650891902008593304283834364714639555809453440761856
331,0,8799877630667683245255473026024757001779885662044800199207344188995242678920249525179353208844545251781642331931682157620329192749376226548084526709660259246603443075982743024500974976713480211656954979079774273536
332,0,16932947706405085081391942663681336902140770578885319058488286656770029015511730910943229587865934417336126595856939902352650960960003005432992792724270088770689691827327736862009518260920547816212566149395157876736
333,0,32290841852581251088489293120198414029971750870436760163917687143613116454054566772661262806838757886948943641671795990433332730492322401119726908931278156956996901505894120151455413684467731441361136698878385455104
334,0,61022545566519227672498151497502249251720485039647867388788821126861581476414956526755326550412336866402246047069624354609378647395631542761420653768928877356468267754403911606643774118232400462263693358631483342848
335,0,114271872447883736277325997188623403533734432220087529167819882028151957726700756090875281429874736864894693620653027461856769275540295326695422099158907740652851303735128008755419239929978961463626066134125351272448
336,0,212031806707237113490447586287495978978612775629126821557113172386442116431117705309794719612833937025900150290170484032540452859131050063965404549399972382673982798834738038458779912237442771334396333059013225742336
337,0,389807856386343320699207818256530740797306997459437934719387494924150284857300022662241604956131437671807829030291640702389959959581331026420724838333202989783798063240908784378469464544682352754560333935380455751680
338,0,710009277487535142969858368011857520125418056313016349633589690304354143737965423177752756946157828328180662868131629901721165841076473998281974451944107823914848222832353647891285119151843896099361140819214135721984
339,0,1281203151123655158075847859148949543196993319972257675116191943105700022706910553266913992084848606626303105219857051889744241582227762033097158369803246688626754950510229092169559657332452344847818959629559854530560
340,0,2290287077912548677222486882874855512657574487064264551013048679283138412319383051521697524268306508462509537679860736767400352184244666946110830995873961514358239312105393423331536238763871289956244400916956727738368
341,0,4055626523582860110792868953701639997847643640258644371017150217304192148488931114935200988078345830871905717179791566094268273563699299999110440903239741002782143884410407136524421257332161832410360344282782599479296
342,0,7113789439291754525134738380259012735863235623454672659590627258767272055116799393261448678975962173814241570093130460434908231612261708431033639086471753990383866296994899741883117154005945184382421851050563139010560
343,0,12359438810852942942743448017874729552474088217518794773636012919590003217046300760754490421737456575896387495058041509965423567721237996553610685440883701778812966655669538476367137427521636315908317296087566081064960
344,0,21268243743143304484439982939459828177146827693063790552660181409518811170057065692779722463531602269670879707014379786568631938262679853044035172337699711690246061291338880353497753760961159928197625857714720394444800
345,0,36247732150592889370159107129956461969423075423050539439082221704076339870232800811280457072436150931614793430451468483911242093484510103380436393378464454196601595144467142216480605627266235654958640414015987684212736
346,0,61182659121370275214501623775171321121298377860392724059443847938460304572303537090130470192990075595012094043569886251483635229072921806451829060685960233160947732234037264541328172583583824100447859790331316688388096
347,0,102272028963120206561838141813625749342976012105392900907227530859033998587592259519109835854778492694831349843946165833815432822382316254885075048472895546680580917876697174018743670037637312356996399640058189834092544
348,0,169297238564179110669377616377934920784948363586095223877599761898880398855542429758289168902436851720985357628454163035160758448602155789980686716440811175291578949736698883780095311849965309350826544807884209807949824
349,0,277518252785242040760644168539806922475655036493933521067868658675801949759600060404330304567932299117578499285509631709160057177721739321676540678689253132875364932162673083083218989832325847377780083202632661122154496
350,0,450470984510744663145455628630593363889350053828967293116686385903654567109714485121452142095764502552759025511271064145068169822980669177739709437260143676017425252630886015741719323362080106486172035067181394586238976
351,0,724037903022703885997897628096814904911486389919982629994417205914505155538518992818844685087599314350711832383037345846347564946878174562527101367927924245741205843296529723004656417771641935730024135974686276685135872
352,0,1152288663062500012706261615767882430343762165026045930424049045667080676548530690380636423217951367320042970822419520076689836257101500717201935781992235117562818266583755882672539234879120557537229077899968752836935680
353,0,1815740339798474094239012420140135376875115356468233088141394387263022480385372146798386946349582104709762063794998994178145068341658375317951146954520841670674564825690840615124452027697821111112611748476318616224006144
354,0,2832867452540075959342425655851411550767963130337717336514260148414164240427703495133985582052622855367047294966715606548340973498783535155854510988619672251031557847190030445085813660100201462468070503239688031504957440
355,0,4375896366638538960175387697442828491857575016089895154384027692545057932826582532806062235343366010476193368972032274493934515797669336806227557827045379351327663810531438899264621742186069496095664198761951539411025920
356,0,6692137334037173497775496132644677631857795592812740464574492521171673824097326511371130346116611748115657903079704498365627875181244237803947235112899730852397704165190446633139068706490721315164582932512583634804277248
357,0,10132323280056495705688314760015051892901937555926312441425288213541408687880450167089165823722927175052411418240477035930040950538583676903467132801308397535239225380401213762410489186403841176623960005556491081543057408
358,0,15187610817455900944927707959974418557752703852145216094383956231923504885488468578645853089287954233935609433522494936158371540788992029154532611443375733094315045699730799092527517946708966306548151620106679191217373184
359,0,22537017940368715696262163227071684033802184543162309935062712433732761445797692873846881281257547403528994576547877299853453189898241003720752999005529533012501064305116336197254150612913591448299813182082021426823430144
360,0,33107074254324177510069053512079495149585671914261660888351618915172344777446734371791119995103737492447166806748779634520541141412683176123262730729722199457327176176694771014083551398140920713197768103307627031045341184
361,0,48145281408993465475419192167947948062974699841171727148606227143948300002027256972054453045449017439892196088242122153513281914748428269438827470271240649161889581860684597801613674365127053207917503415445398907141488640
362,0,69308552111451406859494792975478677410306964904765555380686921531811489032975561220751539918001882423239138981280344031497822566399784900498120269547859536630815777838638877210676281755385001412065253431289465750304063488
363,0,98767039763842458514519879856037569942551853868858653812713777863083699505324545520652659199570875131792433721871202117525846699983928599906418013826449458497828845732899961613445682904119984629939842687478283571503824896
364,0,139322615248971813350289420948704905341536106112682909469903237090198909234172467309839719578298319811453224100152758926557110055437477229874185324272905875100520619428847197121674291057100624251608018205043127081309831168
365,0,194539636044655711746358280765011873922825687221631114631489756817665844572898174884297837783401515011145874113234015402489920694973075695158635126819480908345522676257684131077161970536053447657720355918596383936813727744
366,0,268883559490342033350689721718878692688601361309339388361765631154996044527150059953970858685272268368989505085261638000189769211717341499441333375784325294391373348291109744873721216556976820291276055273601426098403409920
367,0,367860398200772802143051342325483884053575660293041234553166841632959778866480618779056293707468632603203608670039729781360634412432996023184257983323448691702534325218473383651848537918845101758624947430415044845068353536
368,0,498147088556844742237300979391071920353183077530029423605670604540060449161183251693950046133387707105874308826156793665074878698583744815652325106593983212447002870876652802289141339313921418109214489906610311269240012800
369,0,667699711897421088098332899054276214983275905251670615761229836966900130739589432604032085912813854107898348605503338904070133828060935591610560337828398804646063540513680111619667847311867347447155021399819936713408512000
370,0,885823434089937851588596850956384136384515925996190515385862454888943238614761021791297410263585529559076575155036175327774357690235697734275110516250549592256359760428706553488095683345120836506244412180017699353668878336
371,0,1163185368576485105457639910592292257369541338734557962844156388796592765406258241065614967504745905281500652787714280358363939702422989493087950542649545709887712449717488801928387644448442828286965529462240593546391322624
372,0,1511749760083758493027924821889681071584281849366815555898092570007264408141338218256604665291132919687892216535922782407777504342093434795816615472113030091743326352537848284680146437952878373607498865434096892166602227712
373,0,1944614426356521572085357785787530007551013601483847356618000408472549953458766034484787697114848603816393982285731677740918219434040331783525229035907933263755031461464387180705052903805453804841707272370122278633551691776
374,0,2475728790066742541314865749424345017030139584625103352141329150078741437298460349021699794122651717482230940492195320964315007057356793360906529232290855191031473230604951163605532215920157416487379039648751149239697932288
375,0,3119477537938084680085780751914781992605466550185591621572857279142259343165384133185740613092078901631205962420562107762686180378594072738367186769245920581325148612133723323740176455014298727369461553324404525781030535168
376,0,3890120287934383706074920503984918909549555054798209588505960483556620899944356216157891031157933910148157352086358757296838243813774577770145155503981873518483107815274183336631371836245894832467494017103130452190872731648
377,0,4801086748032177842667112694531899030959725529475205010789870829930743806404765360284446524376656471203952346856223992149331364477890436121598772783073555655353315217977231619071473071690428602522035124649018905956729225216
378,0,5864138544920285205203179769281056473714193596865488623435982953794790279394168143516364010446422364870458691965121931175599085707986984719078816764634836976536874363741066391855818250262444244899042625956151733118283284480
379,0,7088422672911586819257036987845785539514283500991654254829651760281982019371854893125332657101769139787643513644180359560187909710865175280360351010011767304289159961859265988854237583194601740347479789000342897300888092672
380,0,8479456470028477459075647448224028756933326962032373587714101208793204753907739457029645323427641940389559729817982217298502160148790463104935962051067315864985502600703859234900396716462106946625003734809279749920061915136
381,0,10038098911927402276906867997647471000427131627296707719177593212055675004821238435968651047905689911891153353410714739794402649122771791344409340428718855739646861898953792751347189576310379456668532270337887700349460938752
382,0,11759576273049739351068572636788421859210696967303269197626538402711265872280510022083479491365176949002518531041661263124308897044884004030756590839451378966392263764366933022791477706412608794244911164671313568735621545984
383,0,13632640109910574692779007435115844995401352036683689245625991837679382485122327131838428250561522594032016175516148740926235112863035249052705399569131253235589560032280188395911828724052759085594886996228359377765393235968
384,0,15638940357406550726103597064983827803501333175473748631088989678964545046078912400984574475781413920591710243220627759205567246777042813392408550262405355227936877687160430390920849090309711061628714603853060909902350778368
385,0,17752694585375317329135751561839839696214757495009365696222743663168897116522058779296792716061343739676080359827682470289391490190515420487849490131890565517935575257143614848646311613384992580156505808655368417301434990592
386,0,19940725101151628904464877332154768814126823195763476879040625080097085828585397524456022328513894365884437894408150348148244453327145279662170188506436681298818836117679424263707145784621691296248991938864182945596980592640
387,0,22162918189598212866531861385206346033041902120207520225652982647475143800176764175690324420469761832461892742030113160037584370936232214504361168432733127097392586997217698349797325121143821672515802880100128410215844413440
388,0,24373134837485871563173435641081056947279275167357727439999721167422554072006132980661762886804818502586975148934703665718490501630512925577830848624279709961446332293633430164413733524663413994975894565213007645970484166656
389,0,26520571069166534102561400069819166694383774553101757177968313174738024865528382552295145968786149781661801117700598035396962737896736251379377361194816960258431534039219040446497633548033609335662978102553953861574001164288
390,0,28551530889522728565102278922472253752104770765749284772005599246154503087204534267809015809240852074195017710434333643821603520113963698043663653152409171895944627201062777894804503095238358345675732313191040245520056451072
391,0,30411538553738327321970461167530831643583916271438828058817076736798814601584628023739885039225554210342046236023287572165216331078343803985663113457835169276660768507801315481116163596690615977221669522227593144492821053440
392,0,32047683277531605931008588976996777330967598802552026473470918265888926367879541852268993092286332174821280487195890086087985841104623283548449556898894874458835208853392310065488274418019685959201585780267245867168883015680
393,0,33411061559622706771373596316244467029007704659983818192381971124710971916869028136837865197617483135322316100372110070825646856387920463631627505562516998525006403094686778442026172646234697498677551626288742610181136842752
394,0,34459164261970418660058576511745004038701288800096206990395193691567838968093553903338165788155664467399305969222657470720655474316999326641106603589206910950535106212687636770876721944192483317083384154990107114833199497216
395,0,35158048500318971510392893543235164370849798460320644438339197332093416418616362021920310303553499288831542726513504486551761821320164192662229277329947312326525058123844491173310622501915013769308908951444850710303756779520
396,0,35484142235923497776573102580296393335521876686471568087213343917419768203271488208961761126706193965585954791611302343511245299917210183376398546346231625205529103012997278070525568771203740126227623305342834342451535151104
397,0,35425548415905684593611294132601821215977959420371448323810273694369590595882766911677197115845507757328830416826291649860581610082048519037816351419702741880556742807072073510321116205004537595925853813435882166048637583360
398,0,34982750548129416223439825660060948365081007326532225225849760190654892015262455529813296770891911511579015060544253704751112142222959332051406940770227739543686457519766492320518825054099446379970892928797676463977960308736
399,0,34168660342877863495616950676742775458141374347354202084543941608742825433088425924569325862384129519546305818483840405434999322369077697714555929539300655267457244817052525084383417883683885095894913081819902886721332707328
400,0,33008001707543581094626003973433762012872425510209140420742636545463859497095756515290955509361986105205142640977828197313731371722218619116213595883719557560244390404132363361185327622442040216890604586579928980371869270016
401,0,31536066643838873725416356177750970554923420762502317411076166208689381917897172320433962648591895910908450697984872090502895027727887621727492102224772694165141557596137138810722796866610914469647822258553633815269197479936
402,0,29796937145749992074638718356640929385409411883662247175497751059628623870815158306707390542334171544654030076563901889969475176575459788135019127974526192346107601184235460235592780591660999606606925961761083761006594752512
403,0,27841287423113639981009087166878360247416683612151116503909319176939486625748452265267537270720433245575113940069993006330376859126184179381754293382932908968901373548101892603057283971906235263028624117130288569348796710912
404,0,25723934639243555024683566937619197211873486825461213562178811446974604612907099431450321464208523687021013048610242561441462742461145859587110147069140673896246759171134998907481490591651604354338911199317633420331688394752
405,0,23501281562099384185161240859031983419579525617285146917052286999754235729408602495921615409632111605544842762242156357704122694877260258404255070330251985875333029303260041016878996786266947100769534114043521920028853141504
406,0,21228848573521677941431446638842962640286874361456851045305045935250765279628996746277769759344362746142972488743444021114403777671487493720476452141871087642939313083347442902173002474195802172796554554576363814506477912064
407,0,18959000836635180449470965724611527931177305334730772287160067567620415339566328578799018202440292915982004777743286746270393389368288369309174788261160383708513823178570158512992196772411749547675296322833396888217008996352
408,0,16739057603116642181687127257874738916956197896230241766964370980610144612729576157641697579951603020305423821007812765289513782462198891342524989103465459871548468901668096448771644860822332668842158189520592495611505278976
409,0,14609788674166422825066163050311982083208075008794969896406959787594282460879507935662359416405873505689439502000880428858762579756718154648712883809095756291466784843059030463383027919551201521260385623556572599999396839424
410,0,12604463420229861120406983532904035280815213742139283642131230527490218462187732622297919511651446913371322077772375774910017176495753669839315289686236419755123872002161919324026671061976245558702447885089156248881328029696
411,0,10748310718308179340713478860741935150250333831105769563694550453863198095539540189641886526100613290494691589287426925681813703696754956607094831888144258384648423753668558261586369764292584021035789237985860286198338027520
412,0,9058563700612526212694351383917244746906608670412429906431402258553948781551555930803885931929476822605874585651050802673696315498889120803472695045595750689048718243307422459731014968032169200982393478223529965130824548352
413,0,7544773772102190956217994783878187613962905067721120509733514560254966071586092133001395925635501558730140838963237617031336178021303860223396968716151318160604976034458414793265695426811914056930846631336385828727291904000
414,0,6209644576820366890236609243983741234464822526992988973873651366522505855876156996455997132263789199229810800966828569595506993986985233003732936671042340403711284572839710423721109891347501728362232573863330986389535719424
415,0,5049878576713943291460276600652236239024737949921267552193271788290071891525969075114255689799129835687112110743342956669570845420641366103148693658109739807210250441696061072477846696118175716874346798126967723140057137152
416,0,4057453918077967378763622082523079469281336557291066292712682255002722836177362746491262960159361118792266208091213872736776028400127311884638690378732280843118652223025328154643741838679906542160971430172659745939167117312
417,0,3220612379451802611931773663283721863812472882987563598826432356034688818490399510675517092797371295080441790632441116237129155329768497983049216544999901128391225262987631657526408801391972738543124631187849610843725496320
418,0,2525231938678211094583474419911750652739771996748039633238417253057714273971227831394174718374352953354615714535545789683680303932345811824519552387361785743372398964916251904004193258406069244512770666015292874287174647808
419,0,1955626313269266088754221183175135446486136755021439288729415308034846755059932980237764501213669930705697001027842064898501153105522495974585879320297895469187605078157225047204159960065976322274916583489107005226314891264
420,0,1495765181994591581351269014911268055572049329821474352614739479989139604302657110555530236573721865046116788181603449813891961139331622859392843329579329865999300116939315204656786135107608143945767691760739963181736132608
421,0,1129693864542373223697746413156052539989514626445154865281213625532164772897425818612771756754002196593485951656044015444199577021636692556388096318069928437058720724713478762145541324299886298633156498811082503238891601920
422,0,842487982355789588085027948949303182400803709094666857337377570569223464614212734514063193684424178447882139293985804175082707671016537497481643555574644596246194945622940726387028539054695004789848378391260828203382472704
423,0,620252272248606470480593094916223104137166238920520430293236902530159334311933678492433726505992511244588805608270915915441872251964814684433905583430923575856771824068680453477694065623279136464577728645082656564561575936
424,0,450809945850327517631053956254650783526562290810530088668684203540693795567760220117940325655473946987272819428555306288319637271648156123125602768034442598677416972447361490712580781448998101369721542306608864353868316672
425,0,323353854416778922184615305944833236814014184857578917877325285337622535173039985868512437250329182828472445172269844477686396343308396671268474141934501024635433080735976089827577386927440428569165784749489194461795713024
426,0,228933439491390704113986305952637310513209537443063711684104651051630698417056887003158413696916214110428237512000258128512955156398571428553062941696560291707889196102501180771421361395659972692030381576839937897348988928
427,0,159889217279381177728705861794762013275838701447422450575946079322417013175353294995686362404152793254040270930993183681236310753271518003113820898717158985011320290867315779781080207738120440247550462622236513112919375872
428,0,110212304921131650125802974122521362610110435642952867515863920396815740621831815480165504978148848812340362043071903056870810374060183714191018100731989865298778873968296615449487454765884501387028634235597971903922307072
429,0,74898983027764151750042033369699095329894053731541560182583677610095837586619079543606814430264673506526814862641432049321085930367036642509062858047974359795373744480505874441765967452227287257068548890400904105609396224
430,0,50238355631560688497522843666218593379934910847789081661256035638069288515775487307937697770095916205637320236981398020736884005807266001231260884186625018428575432327317484479043010703843965519062718703782425625274351616
431,0,33195610874647898891251893497591400854985870632372511222236032280274500725315526736208051433578633621383790871966218869685615865814487556378934736394695080596274015780089459186497667162037979021337168854658899670829367296
432,0,21655223454691201334174989887495686755312692420630786872470163567745172201503069695410452686241254930799428877714822134221524154510793524308820181666066075047483796444107873728830682520235022457563633778873846134554492928
433,0,13899709604219737799115965701798980642491874281504452532853922321879965716057539520490160825431054473635981546303983026850331902287085593164577932352244755637009804593401866137585224195351970325053886134370449302971482112
434,0,8814661105855176589001428797637457304147318830217005254588048366941894714958849749912141317821092200270012128294791871546294098474689154305781215874847916758872926832011612544010071178693528657448152055071257924319838208
435,0,5489753029347534287279546508904573240486113430874638403400950244130869561763740035104773198728675645915797987091765002507379134117364871767720681971040200933698626578688069094236058758343911158024439428333819100766666752
436,0,3383087001718319092160140098784186381251603453560695564087300240856336136591681818299752988512629906630345916741124490854067743607484598229014091652585165704249201675916899493016706262859400459786440776404227718941507584
437,0,2041454444578404034086365886460791139189869723589957692396804635757580688219958599766212038074986042964019132034666272204617754809896130501183532154707173397371206292005509395796801171658717803505155184573049486679474176
438,0,1222330487639184483405416126383285510986207427160117779049881341454092716739495215286986555078650291428381655284495700193088386972393837617998257060861403056508404487296691539360337284489163384567159016534255105879310336
439,0,713318891925814176430224175159253182596965553641183925565531555750990442425420790066198083065537027360107725368767338491445024107263678622017619470430037765145910236977554944214289331923433080239688324545150340999151616
440,0,415039401912246443627529408167839880665334772500965189326835102849714838568954112860596257906029416662503952741388024902153340282081603093081919711472731134121708608612323295168816733140420345174890675383371790356054016
441,0,233658515802575815956699083997358963959112575085698776578319793436183243520110390897931171491618249388171859980746744185105984157639839273334158736022252290139233172072076301903560096730995601838482028188905950739955712
442,0,132198134026799967082609360206190857102289580462384186669604979992246761690497093862087813629807968061815085664451983629544009459515435407208951011401081816917191135529448447043128075608981376115199074226166274365325312
443,0,71562463216876636966812685146513011220963347764730912062387093389629590731654578620831096490501426846765913480713432709027437742513482419696705761293823685129724849945854203630125084976379831189888320187823098102284288
444,0,39423599545659206437816123572885553920474137060383640579283737511496798316527240433442691180851293559115911974447393828822039796307351352854184139518152123382709726882915430046261383097353991435128242858210463181701120
445,0,20430243891305831455606217029374660796728788942737936392456976489469587733812784681802981962238268968036760319357596601117412595590851597932969434746650860574600803967596430486063864524199973624873945071558694667288576
446,0,10984576490106252059526546225895505260738276392879948900755722411661705862548356280602169768937717797529448021736692983868170615436098217553393105191794060035538981749151593362564373560257207258493736681657759617253376
447,0,5417755638052647261756042203520600708225505243246076636409616420590260806344435803790555125329288948673803403630230035708762180035390947905419109959139855973667894143307276312164871931880111548675701457079170221735936
448,0,2853202504443731488879256167013750871669513570436557274685569604569701905027331187796696184831228120906750091443946918655916794419771433801140806820380831279147762097335313671168630266461086577713818033452512524107776
449,0,1329083758223010616818122180204071214166020530559496523509163775476052837444356031695069978336811520861285251682987208311889423392568299250765869299167331793915987444729023346153318647369980124081288485539910520930304
450,0,689168631932039270010591208245654594383871855498558728049942094782878716210695464020847716622918370471658339076411313880396686656783643061173005108296928104832365879489914947982384637936005685626408024311638762979328
451,0,300202667988407014145108875214373746295931614319784912900482262254823552126119886720947705461199257137858572758554345620753045477461880099022947166569473428068821160044002743806765812599611212229912176861602419572736
452,0,154358392181391904689732886570168277337847613244305648020156970744648143273427568535881069398914954029053272282300751661476181093831373070345177597031372278367488846278983467999363752808865915337522107921216319782912
453,0,62088118435323100170623728129351051196211855864991679868612849144967316987715882089248336831712605352408248845163033744983863327982235340477547787965282219771451663030819735705670878725862628170948451533394634866688
454,0,31951391010491584418130391803252447378177038366189520310405756227974323694671483312727320641633954036911038102671627291927461479611179821995216931085151332133580014492457950357627931372425758166997142997379313565696
455,0,11682387120414389424662108550592718124350400892869506628805366041079816658758913301507982148897317074316978561135797089657721460400077982460307691072402078010263690803867859791609667086302792447854455000849232953344
456,0,6087272327430335303848857880080276546478927047659886261454685270619751512137367379193137958221670708929853424724603022631967978879177074759897842680784559549664979768805060932456931279268365475401205095715921985536
457,0,1984678414342924600896147642689547640273147433425449678226225142080494312436406484678126497433706014050075721349144236174164373426896103570800531058196704412167528357523237997052302833826837245415262658121019949056
458,0,1061933123849995291669599697565929614443712524559590112544316264486557817234728058441902099367230799116288453263399117099684399128285806342242336642718673395705964129987679111099603427497115356308564857316356128768
459,0,301703722758196061666824470848729819206945638519674293256520282152288501861525523681844158178391199444481074894664238848416977781434117344165289323201632625307892947356269278998674787068418155652777812798971314176
460,0,168530619454357347076356184538154156353127560451418777556221267025473826224014691880195715121995915972055497222067276016024786074492628680741805725870493142569801838606472419294943661291268398008475175068903669760
461,0,40599295712370767091740620560260821689184872771620673146146673958664384778168996529434881584790940110289954684739725353176370749454657385225231264639178145801892265814997953334687731277590807597752942947123331072
462,0,24129881765229983131683030191192223790264211115674847751803232542614645261265125625614376662198551541990568539939983362142643972490876062162159870925710155505502923633201403620591882796785249158688362683147747328
463,0,4772878966977703129472806856727081090854514288699180881948669448311812774197380269532908724897134127052601648396445138071826277760709734836963465708248559771552426068699239707581824664997727580274664875560534016
464,0,3084101454581766787738245342133222067264105603799952669272388838817177175440977243031140373765558656784924010427150759729119318761643782537704440849059095710396163493643389399448752713439838588692682943269699584
465,0,482172073440212543671456743794065947248349070930820301950244491965567095737620952180976859249957842306044786621444283875646443616098037728623206746597259869150600939414127239020295513666972943621058625894612992
466,0,347178781657290589322553757459463330735034951785103971071391513567170422586347605407787238256563951800121635736533310734695060211226631102419667364090093572805037065316076145666007327415966738812568716573671424
467,0,40974805477532881460205417589123737794760677327109120726513333756088288181102432290510284846324398216453890852418397769759510911128992204454294424807353457303221828999138086951651928483332303323452585394831360
468,0,33834165468601703674022140392054645109574717886256637004885036285024286918323322678499752791216702565980349456828592668592875323372420234130064483631700444083913413234065556616987772555441745891636881146249216
469,0,2845772680392618714356912629399488604227644127529693103336590839481444277796734352655593929328863774081386067326794037579913967878684893167204513194386482878737407966592106027178433270744898249925096615444480
470,0,2791383165872819434374169207320479575995783163504314176547013680145271280460840128665724398465213647322429409408725859660799079848308441652169417501631841644271741144841006419516351010209845853620439414210560
471,0,154974432363987208576607704800131006999442151328858930519053216159151434537395744290459841749481425354796707028314898679067642752488766047791044907921944232767274195184507385509931799361064824508835000483840
472,0,189184251157844961778220020529633361587598219328216995807529959677245477778839667914980249054988560298731049853202703016898990220850154167869001707331006096306851535413716536162452445107897741327879920156672
473,0,6200623242622663246743418149239312980217752317392346891492106051941169688133722834042481214890152064594256181806459062352117741343755942163507433936308464377433850297242999539703943155650980463772755296256
474,0,10092331285294433459357143378833730350713495564575708858925642777814817427904429237732694748441138361166188823954105572241297054468070396465486733252759873446512092408064542498899169273312720933741563740160
475,0,161947264914519997838020296251490465138436072487869598623326490280376738764209987683135208663077897613954530555612407767841750103956322510019729669781742856793229436627129742656039303913673561510336528384
476,0,396568463077760426849262331606158286355426688145681362902878983298753917312280738327728151793539229714324333618346444930722413125627437733723973878875464462425506662468689983973173074611800089648328343552
477,0,2069992295160120186010055145587237034423474305366130692996865533679049913766874416866194249983876789155768654955310806657538160427205108976579422732343720582389927776616362460616217156607916961806942208
478,0,10185678549267824587175198064028045789802693730236198428649291130222756141644023417466864161728605418075583717436496214747347327207575049437774693281151283808277589850365697245633199295945620280982896640
480,0,128064861182181769095739144435606592282627779714396270590180317915397862779593119949822488404753901925133396025477599340929881356024947594485076227558110470656657828183507689704273275932529101253902336
