0,0,1
2,0,6120
4,0,17971380
5,0,4663440
6,0,33901684920
7,0,27347966640
8,0,46489990357890
9,0,76806973386000
10,0,49809299683908600
11,0,138328966639710000
12,0,43819444660456426500
13,0,180830556843094105200
14,0,32863349162192240953800
15,0,184471042169668663054800
16,0,21631616532945040487057775
17,0,154353615489907649589510000
18,0,12778452605169306593812890000
19,0,109937742053193131428904850000
20,0,6887443936663345607478976005000
21,0,68555491671532074159251899620000
22,0,3428001688224499215244157362770000
23,0,38225001331763939236177583533980000
24,0,1589399859577646682215962841095897500
25,0,19355715144758162183465132590724100000
26,0,690989659126211163377224206479046150000
27,0,9004356695276067661699742677581705900000
28,0,283073514775533615059516083088406036825000
29,0,3882573419107316622476908855045801524300000
30,0,109683750981891471233460937773509307271050000
31,0,1562439128377920588682859797762412321223300000
32,0,40313275136376013613842896357956603885416059375
33,0,589998803475897958956496607120554648324039500000
34,0,14086103100508050314375255392464197176348543125000
35,0,209952172725142786978396720463576293419059148900000
36,0,4687467787443367674089245958935149123159215264062500
37,0,70646868067381305699273329021193676027134550937250000
38,0,1487626324070126729685984205177156203913897834902375000
39,0,22539979158752473176186747523481046918693984427947750000
40,0,450745168607773831815995588469490296538796205278866181250
41,0,6833499542195272244948105245674943160623317945030539250000
42,0,130502246156436325670042494824219973537781519639116413375000
43,0,1971981574062432254212027828389266783693110210505238489750000
44,0,36126784184351256084518389604650607332896841045091180894812500
45,0,542382702947201217783956831729456239379608960344781212024750000
46,0,9566536392349100169947004641377790361658572365675447883713625000
47,0,142324262905255840280942782930277410135061727825237003768932250000
48,0,2423854795208705496877364212383927446970719519720292322503438890625
49,0,35654872062672279748062674347134612863058688747858592824280988750000
50,0,587654653939395683707711488217215574622037276279069385333776660000000
51,0,8531093835229770233505510580888899126932669862110739443792753366250000
52,0,136320745457618516642558155757116445907715010812678814763279137962500000
53,0,1949866570980002319012947775321158509431802708670707554135444942780000000
54,0,30248862141888454788962846145024160851056323230028126117714944680332500000
55,0,425677274913786818380966270267547252881804633704447143700513000029370000000
56,0,6417506712764408865610906322227361554218073695898652165455192857855810000000
57,0,88733159557594002489453814604098848375765032887867960996595572337338500000000
58,0,1300913417309996553205850644885177887250037054153753157807670251594099000000000
59,0,17650884465722711000790140555277455076905289184819398492174085483452102000000000
60,0,251752286602094743947265251348327848193035402553233342648883615739972213500000000
61,0,3347736034558074990680002719114823920693599648973284795946013087030157844000000000
62,0,46457304489152636470861314146494221200364732003853912435385459146109402724000000000
63,0,604704221541025139769557802579680787716702227418046833871380289698979855456000000000
64,0,8163568486737255191251505983739901651605512340037714782489389444756209087672000000000
65,0,103873135079382161114234312186944109446173289737156043835499065047207374295680000000000
66,0,1363634847940261779934389209457638733712584009242260077144604818971441538745440000000000
67,0,16936794664115772065403926513168415758653238004927501980241188680655835088283520000000000
68,0,216067309999393988655703283630764557335958468639964781928521404647390702670746240000000000
69,0,2615382792979732111559434097482919012059195611011549447757437195605549283929263360000000000
70,0,32391527134842378005549306733718553977564719828299505254301201739487732333407564800000000000
71,0,381409902163738076007541252749286599157467624388828343189397081580062712639042114560000000000
72,0,4579842898777433710970912783824952980078706543419284604957407876015906113786667258240000000000
73,0,52347161695268746898929506854249524082959494706487283094660318742902807002465354240000000000000
74,0,608361724317292221481713503226509092096709900183943595481718985326025218676275992217600000000000
75,0,6732415862198904854174998608445319841773759883690200714207121617154590267320312676935680000000000
76,0,75557792930271219887428423624506501966444170284717016650336484166862363211844883388620800000000000
77,0,807017496863702394309782775005607663484641530332254326774030699849890957643048181013708800000000000
78,0,8721100950012673706528066573732939100890215135813394654526354739159157352684621947274547200000000000
79,0,89547424536638856352576953582772070360879358753306278917233040300392414414770329709458636800000000000
80,0,928292613414467153108975804271155394534203052759809173891032271578752446705480051267271639040000000000
81,0,9116726728005004282718452983575030308893272315142871838175952037638527271384759811067865497600000000000
82,0,90210353843591730592893445520578925358924792066750693703494608219249305772514818000893747200000000000000
83,0,841622157868282319806143670056771866383015075707345223935537448760322997490699652555595903795200000000000
84,0,7895112891482397730679244857029794686848641499763496783425874772177711298370970983987803177779200000000000
85,0,69310606704091089612837019231291049806012192235067523517265940538973344234591427711137433000345600000000000
86,0,610514227425928458173148595649856662922850303315245642552815861557905890451623030905404339211468800000000000
87,0,4974384152633419802909807151236500350905466206822616789499319157093119080660972535406804467947929600000000000
88,0,40570671206682386826919559125151037683198377113708659703773680919718737559129434600924947795712409600000000000
89,0,300109130032766871830022509035221680837841169902941904540504467793237049492946835553896329499377664000000000000
90,0,2214788460327202995999547433481336617909455315839592966490386272170294823526778747372956005593776128000000000000
91,0,14288338699821965815021523338644944237230403494295590112842469723090779700412889092860448621390200832000000000000
92,0,91447649363107005845573455476233803888251035461103618105874423380574995261880488919071337407101009920000000000000
93,0,473590621724627713530273843417190661808047557537402678739259199766961207792205162268260532445719298048000000000000
94,0,2428136782219906695002010640723273035615838010034189328189448033570635465208172229827207764183982538752000000000000
95,0,8045708798925839998081176912808462652707121178024209799537730242174290470754514224300573436744126431232000000000000
96,0,28346272874153532837276387598664852364681773149924089090595030816083252731061502823010910651211449368576000000000000
