0,0,1
2,0,0
4,0,1408
6,0,22528
8,0,1190400
10,0,33970176
12,0,1022435328
14,0,30020452352
16,0,817958371328
18,0,21881469796352
20,0,565266848022528
22,0,14161302387687424
24,0,346086767901802496
26,0,8249424134677725184
28,0,192205355282539216896
30,0,4384985351536861249536
32,0,98059441157533541072896
34,0,2152027938542676502118400
36,0,46396667059035975035387904
38,0,983508132579323945878028288
40,0,20514808064302230439924334592
42,0,421370282411828274662524059648
44,0,8527911670556826372840148172800
46,0,170158960836534771403426833104896
48,0,3349100211184197002495662051295232
50,0,65053390548917471209797475465428992
52,0,1247584495580819566610858455280386048
54,0,23632095876628372976902750876966322176
56,0,442309887623247033066021465045944238080
58,0,8182585662541029489181130425612818710528
60,0,149668381906173909301568059738287316664320
62,0,2707516123014388563542046671651540062699520
64,0,48454063811660592402923421500343322102726656
66,0,858056411063536331190094452568782223708258304
68,0,15039334880712141989880740437105543636263632896
70,0,260952988390687767029865664383718976288825802752
72,0,4483364776736721710718790496204440464900331929600
74,0,76284349358628457923701961600137149943262126014464
76,0,1285678474557948993443840310864007384666093333250048
78,0,21466726324538525764671003525737124007281676211191808
80,0,355142049679451488791986559995924165026715167820349440
82,0,5822415415703472757709028831619868376612263397477580800
84,0,94607822181527624854645324171138513133474930011026751488
86,0,1523799601312488509850732889982673182471592618918833815552
88,0,24330793954829814188653966666066618424832447208858109083648
90,0,385176405838826258129350828832481135083106200474701136920576
92,0,6046196910940944703896392800888080493082134696592978380587008
94,0,94116426129659152255801221804651983963382268791262986018750464
96,0,1452939878198196285220295943064496501863695646397166038712057856
98,0,22246662329182729710814049528294519603636604220976038725501845504
100,0,337870696163384789365862413539902962191256105810173089129628172288
102,0,5090210182172312168956941794352316516276412849609050245264371089408
104,0,76076278615208571492067067566098698899920338285814383026789068832768
106,0,1128022717826105378352867608037536349437329504218986687621314866315264
108,0,16594573892506003827595968505891065394113293096614471613645921674330112
110,0,242223738474857519878000932377394118390250500728204873844005566513414144
112,0,3508249041948353469650688640555631171871041344874301800260132444473131008
114,0,50420390245000007714153731946853236781752851130413392253868731049321693184
116,0,719086728273401655155983318333329807854965773910092485604879389908831043584
118,0,10177266420736052145536128930354079459291175677411886793719674845367673815040
120,0,142945238252818743488026431298219187033540576504028808432433410271350731309056
122,0,1992549928187653923201087889891303627099031133350751563714463481868711157039104
124,0,27565155808137247044034056426406417912892194848981963161218167326365665659453440
126,0,378471043501005893948516524410966639986743374185487079769032833057216774891634688
128,0,5157433222415252685820034065383257840252451012590653706019943738092144350227070976
130,0,69754089048892482727846044846127459600381623491614805946606978812005981209600458752
132,0,936366316781165196902414628538185069865876418150654482395256780831172796351990726656
134,0,12475717301295520236502849625871267555695582860457060657104426091022744568345231622144
136,0,164979934414310969031543348381838573461142464222854151348392654114529875510994650791936
138,0,2165426698486380997135323401695973101663791551593012975618309770343095191175526176784384
140,0,28209942236839312243234623387478458420671829686845999256804219488135852252874515159187456
142,0,364758611069819620957372503542474667656846013087826185155754353837569379105530857872424960
144,0,4681128626632191379083081549584474492264399894481593064340174128588288901661965202237685760
146,0,59625634318673788423809470211255822032472475892586551832003198053573613663771205850267385856
148,0,753784772951662877910384291335833888158233110230979137706811641006823834205810086414953480192
150,0,9457728949630481611355652155053077254205274183384447622570393788264778696449813616548229677056
152,0,117772399710417503468001041497924079508999473572651563601451644593610742686602910979425927430144
154,0,1455486249657204549078544935789127227993083074453791813621543712041522828526948284038619754135552
156,0,17851311987956012674790239013928130715790075697909382404340275674750379104591114465094183625424896
158,0,217279082940470891875517075640785239635701749638052301096480288243318303058223830590352823123181568
160,0,2624451231714818787362518878472167446464161838080291110827536227082311026480489858059341972031668224
162,0,31457030979822922363313184633958635506144417508890136467753745842947799470167051622946210029615710208
164,0,374145201616646876289612244319035324391020110185872038284416287316753341581404517468091086882717302784
166,0,4415594741688430247894515337005049313957815948362460422004342092795462291296817642581208684278929424384
168,0,51706711793783161538868924913470536352737833049218595454567386164135533708150934678058743260497911480320
170,0,600750549538061367442726090254197739714677897210997896337338917471848069165069156591830373280162280112128
172,0,6924853342414843687683141653617164567918087817233152579991296381113532929470700398083252280723915203936256
174,0,79190753106590654610753482177812323916960295028473048626706589671132212445577454704353660664515012291723264
176,0,898385906801949053397458731436436993905419092797981842062558852350476712771154666675742156640436348143009792
178,0,10110013878934011894409664222039160662158359877957012297526961157437876965961269897563793021779417762948448256
180,0,112853609675592823420975697001869927260342696551404151483073528276616557750021892113770881819148533312157384704
182,0,1249474125945042788588671905327754515733866824300887157416074669037423777842429309774128188743251255649080705024
184,0,13720158236532208436776809191480892081991306637249843348806665342428647032022916948727602371730788160251235401728
186,0,149410679497430402433746363558219171307001712183188638099082514839815147387480314022003916841036040887349089927168
188,0,1613482079179575928626653016616326000610600319577855851663571884376277138749962154115933707412941982899707324661760
190,0,17277250757261519830182426425594716737942274819501007938080369799794084550216642547881375239878586598448149733310464
192,0,183433981049288537588034448892501380347365633316893655879746586544814832680499411931443554118131797484674818357854208
194,0,1930834124295137085769570875356597365413060172731334379590737306379396419812763615950119563442449946605116129988837376
196,0,20148104054533780164243416421396891533945667603618178314381952873556819549357571084804376170426231127715178704506191872
198,0,208405966053737795341025475603981999452054519670005132660905595885497549908479746566489894714830232310891600906710679552
200,0,2136654104562585281344238218955429036786845106556936053451260856334317481101596417878149328503137465418776931496053702656
202,0,21710331265629201814907278986369283753389885419735676046133472153546136388344669957533684610457100196321152102019553558528
204,0,218607750349466318173714381137304258395532492635845354924075877289773547595832625921391869067374147631453456348735961300992
206,0,2181167124526576952893012819606884163048006690205427797739178984783240691058106837396126775403363838751752473988095916638208
208,0,21562182478751074665666993612922685068128619582074208192633372273396719306325883148647346432732623257948021272045499011039232
210,0,211169740880045849306931445556676961171926662877989639096025228739115119099240164714929942683038012500655746212206194179702784
212,0,2048610462476331247122557894409625524356165404798269350472104236070286076619259224705671112369391950318252579111034184236269568
214,0,19684667825541246184998852490935641285047502260279182458345136929832249822467122562947080593733252153789302868567810202623016960
216,0,187322022744077955451582672586966202701057864892753520253317192660439745152503700188487041075213104089730734549099336408632393728
218,0,1765190002883067541437849146877293409952836611882498347321510446657710443188978298888796119234670325331678407677613101469522722816
220,0,16469658642386444017819316496705410794247960869978493513693443366997058601580352943270104825202923322827861369500532563973406457856
222,0,152130310206993664993514593067492328285616397753297402662981632866630679505199779302642209009576949160205794992213538412160675217408
224,0,1391013353968129289549711023153244840415310684829319370315423120261122436540389304981293560059496869047656599184874137226629793972224
226,0,12588574330692158316975923701381138357416608948947262854087235626642368798173069342879571785385759348495415569836816373602844437118976
228,0,112744605030149501042452327271501094308506828150699181143386752900205744828172726052602357406741876715579787817136176107546281156542464
230,0,999153566479053438828025333579239543255081190038476450401892481598056514637810208718629466821621762369981569572813042594357081683263488
232,0,8760488146618608605896823452033719648697713711003823124797609112221657921960353627169070033965726870534061234086624338691753277908844544
234,0,75984568686527462497118666321410463616079755638946640857040169783207760899333395472698838184148773425522132246141931471833845673159032832
236,0,651874706414597251651507573100097199959057577170557530380327093501543635224887750738842802353991908458807325931773378991109033964704104448
238,0,5530753388824014665821051337380413272802990604905136168791314577004710264314162377782594978365135617155231098625503158852621100354258337792
240,0,46400745439521539622453076017393561509805600747547017386013461008882816275171733781538628210058976704609026278708391029950942178173519921152
242,0,384879246343518776849252537712447741236267449757049378699074193146253244016433638737400285351371663384158963746668012943289649466278049480704
244,0,3155881110890891367917275549941048238490282127270897614082738279576919685707518400784247861781040467074631735366194589780932675876530147033088
246,0,25577053995299926715755903607784657871568009331652894619285040954651991713953172758322438803021158958124891465503181322748686898731306971037696
248,0,204856971873451088291166882578960492594599014590354788365440328535510615315229260226539113620090253567727623724317977028302579307662077430071296
250,0,1621277722653682847245057864267487507088474355344439070479138102723477209128350832486494485939105561767781974914259684448688582146595835636350976
252,0,12676698323251177171098080716918624363568533238857142075519803261455221401949273566269990888622467116569460998513151273779630553868291305203826688
254,0,97911156635034740388036912291891101668219234210927217664570793761768088747001209262630479194606681556720331860057373718346393380031955970698510336
256,0,746913508241206203041750709328389002800991628046919125277907310430962280963888288801295082206809127922153821261790071751801202951600599045781848064
258,0,5626716221071927070376139225345055575526306943478938749805523863297355895383996019865642547336074590316105086747890604578174786647343354684423274496
260,0,41852402626067182236099827757259961503307502385142556646021741941578654233478298567665873712380030210059826109071676806990415902095294101251961126912
262,0,307326674235722845484582655779181419426365317599421537325639331254284503536462534309135749146370107667454487881620814123927746061360626549668301504512
264,0,2227553188061477962035737213614172069982212965496882747240621805325473917220331995082173739902623378982769416739020529051100519352996266250407963000832
266,0,15934449210576829463883865550958748547270643531940952745910672885388151241075058101171728055373757241690218990648162036894613476352520836154126590017536
268,0,112476050546469655655681444719446666963577396603595504988531599985159056816950923608207727815092112128788266724812580360500573456259709881755351822368768
270,0,783302774976849073571793534990864076354452001525696334131898144541578186727371472755785392159576131461915615302100379800200558319360731458259887838986240
272,0,5381187696844226832656773112514427267385201378272794155481825921452387733860031284245523401208665040155782056988500106783588014447445716915763521028882432
274,0,36461742763794216484419997379400830669665542676245152498028000455021482250609377333786333382537357849944518411237154594853422459804673506165766357755363328
276,0,243634679729623105602603825939442833418008467251230796430953878024596806293081922605926264562136084732135633094771917910934982708508140724892976383942197248
278,0,1605145573882303496887358778779961850738329630606036872176847537902006292531262702702547138951719627429609556833471512522958188874322517651440798210887516160
280,0,10425435883049167653598971990701895499154641514149144159347648395363161172290414002247574276069540530308174894587326959398302559635420898691603631191686643712
282,0,66743491857142221741032056572696488699966926379056894520050919037549435972518069692682058873661449991595164517584675569410374792427038578523674653641154756608
284,0,421103175643391438129497174300480400170546161237155480587634357986879458832706994615409229812718070556639522555808488572287020228062471242290720137387819663360
286,0,2617956982596853659633613477006985877338531015914092568291193044029974990057536203784314710944849664426705670612287343617008733843707990322330881532743695466496
288,0,16034664984796904214981191457370736009423592552999258997522077803194631275995218644599393092240932245618027685390170083019255010443038344503203559849563890122752
290,0,96740677555332945372324699681798863254461075631119551829093590462375510204817006345057197177669346022873127970192819816537715296632856510481186270710296580456448
292,0,574828227811744917240632129798578717146558541186962901566455220957949132567623106584746634806371140367340909588687828251339712412960763627143608385679792350953472
294,0,3363365334346755267345091604890750234107151293368129324771360210589983068050723333254934486855657106024626321760370956294875307967472552168014411317753492484915200
296,0,19375085157349675361955588140086793393812039226733000430518900925449568281474614424461257969473182344637553717977979798855051633415773716805581552196427062595026944
298,0,109868391218760815120019710487396331573531323454343485315759392206647987025905949982849923308839576250256279816790781316380846435286658754966785321071710655655968768
300,0,613178226470441717740508413718887257278632820339632102712667034611407991024903773471005217232933198990733249000378252497383967168236772565258737303562014465185546240
302,0,3367518676922968551277913496879534827533479219822825895331121850268364107356167060724530202829205646035583487492857606501187826508826562997715816484406856106756800512
304,0,18195600279401282245487801406501874974542711643335923535795395336872633605945903432287929538729372879190110740422430337155486011490813503237072141547094314766984806400
306,0,96711658144722192454867101302289922888794988052059127690174836428755702418707792751463621648432804174361991725489126110055330090322576805476725827305954600718860025856
308,0,505556296408395893041485753322696950204500239275960180761353884158575392011283532038934805759344360463621186732448541858168036047839306605526450603106618961491050627072
310,0,2598722138043035687167923191895890310579729675917876975564885843071786841366302473174070669040540422649488666004222511318552005632050827388131111299517664234118739656704
312,0,13133193802240363958267978951329883899484269124523145714212182367057204585009763748498279176529812473587266174270080741642967854152595075761345981908369500534068054327296
314,0,65241024934408038412521562356407355396469149784698321366586711268992530819216171086096486112438200807241524658193799926954507192153874122443431921178435541796939727110144
316,0,318515092918693414186191079464110155314417950590783172110177955521391672121851835473707254025025254812860127180565782476660636555394157600761215390590363319603257669582848
318,0,1527974676036024456126237907210276494545479234736990416726729518733189047347954280097451249759394868560244224103462070450520346274173732654088380626277771763456923536457728
320,0,7201060498694702420396142253753868635163522068912171496215554942296002942156417407805899733883972503627865415512034513733344082771290685985215105562185221450527355917303808
322,0,33333996501213929045313311571376573332146524489696184666608364608692243811525836516445584146103135264951702961465941189632753110156944623897059304939198716675561478426722304
324,0,151532087696793347844948964959483786758032961292466299711815123963014291518988904727423975843905506410867523609268832595677777344076813439935207304371103132047447420880027648
326,0,676336816486257576090700518887686936530831773023052226761521640411288773453275064215346645390235264621661801271928357733971473523053668183509866736304953012289968642658926592
328,0,2963308156396965012643540401412867474803485901690230350182633032924730872362061782268977974616414847149513093386363942084634675926744466309581951148816969563311265222657835008
330,0,12742640173073385357314802895822650810569436601168644191094223062040326096634685434281633674491419691580102388196510488340874011788896251533404321106427675990384460315915976704
332,0,53767965980040729709485232863388331771038448145068203641583473376452782896457162279255906653838346778327256894687108841262439660351010547223484746477872079459816764464510795776
334,0,222577623823677598321731576141114104014451683722434572753092915372019920868181555834059744440879133909773983812011189773383150940363274339265210698017214539433288456736614645760
336,0,903742305011217599428999846062738768226886383032504463759715103462898584684966423291217472432503241454355709745523641726968080455733038520076798554462936291677469800841967828992
338,0,3598519642354069518801070538756337499613263218346979818620246304010036755519024494090182379973189696529917890343775044101241849078017192562737684426358825800150252923775440912384
340,0,14048491743559562846394999186262201042184822371775935430213976332767939804742016242977924669841747869037688125002686852964736102579275460709212869005346079126884221094552255070208
342,0,53761575763358339998655861446402567840870944771587517874478556164522806708256963009915612747225153515684372695774961251931319422496775372186924763400852232771391138304328487403520
344,0,201632342244488430250719922995276407655257933611323882647484917529244977951694342829122770020524386222340417357911285324736680565279148499588799209607753856174321784154089114828800
346,0,740974644138765146495571113462974382422516864721311406133356848352158794830679218303224105414582586687938381635948795662944455035018915421694841641586051654096757213380617487515648
348,0,2667534755786070194523498934762390418556102781145052622870661044610220338059124583087833802807095950255113097109215683401345709871233436198602253918085167849564059112832331704958976
350,0,9405647506597407548057135279608742930433162347619066778321614269890256594858977328038173160476316574238879294307539335177830241900142924807886358175476588320306658656210549112569856
352,0,32474848632925513895759821473813298286523508397427854159442602139508932854194711750987862851762651538612471151488143109862466888954747141413566576800847302800275316837775035131232256
354,0,109772369079171965825114302066303361359136760627823352068617290902042775397001526955445474920513472400976948891462457454626211877212992609580273155209595722685219689326109420049924096
356,0,363189885974013414914381548633161504677047453075038765273382601414240703433022482652005127816601592038804976812374510934705739002826218442813618396389858643600352995894987835182153728
358,0,1175916034087823814708433659173775462778535816498590298329619282548802665444372527648763268611549161761613930131273823953316014305304647181647592905270869020167569501868400400467492864
360,0,3725010430974270183559404035053468495772010308471724567593540758397185532539613901432290440264199703222889253300623708235600519409081213059693694270051743256164912417546012605338877952
362,0,11542336792627770889453152360606554935846305606401327659888475745829503136618767913923882295653200383496113900667340490306308363157274458553963256215477609656424473983225282882365816832
364,0,34976889837829405088683386774279417710652249622283282672679102439831290912403716867146315725509476370745733397519068374792246243473138334086633677497887060464745376633197577966383529984
366,0,103632412576297777504996202066874299015490807527211705828895143139871731192481797762913688373429842467267202735166717067237607618261515655783661770267269201309419908054337854326391701504
368,0,300152787039919191758349001887084834235017586427552097702556558562169431768558186576886566433155827417914036919870801595647427751849012843196374337014585715725407244567997279849750200320
370,0,849623340624111932893217588616721721316054298879842969984239357343415125670000765759355046828916187963484925545039710621211066618835234763709167157464118117478445034847762758000911056896
372,0,2349915193559805099630779657266762052877748850137762972635541616067047643395330579000227298955829075959691844481867837309133060170478604339555535839949834562750783567027851455111465271296
374,0,6349265247043297027007474067530514633790764087525778081852355820720389711417546544099187899666804667131012845266967446962215976076121281517712792738744347340425705910438943801615883173888
376,0,16754961139312449741914854197926638466360593070199906094958639663365326731727532271833359903086521614977184567760650461630516259663911339856231533707797322226993607268583365906850765602816
378,0,43173217432032032353315495181230250398338182723617103558681109416080499587079067875448332517950916117878729996308416083151348991341404114019201929892242508072855272466177305394689444151296
380,0,108602020362015748083151446906592297983016267483793406787012798953080273609535369483897108885082486161313427213457866730574194194649172142939170794156852570937549894487096786791660328583168
382,0,266633263116733759334769643419379603976886752232341117413211202992833624037279293543478231161275293489383619378836280028986668249644497228712376300421009823063289921806807196655533862944768
384,0,638767697837771595329503833338946803665288090671456066248625936104417378936499791528425922292955550393033644119002268427308385058722783338219294096935957700579057827867111354901788887089152
386,0,1492868971000548662865164207090790125015279311449396750696440746692500578804564209875123851936221093205783953591607568127067932508253635034796615961877670979033347786612187344352496802856960
388,0,3402882824173961517513107453382738998105682078503141662951144578427036501494353115305781390895278503332038150130270438601644897290401075646237210333455643348966952451841854995896196101308416
390,0,7563339576737737464466294542953833156432825176574385402344930270450671146152922094707254224213593289834099886470540129086975989055769425165376131497609618501194011248869858312159235976200192
392,0,16387562550569795733961959522349151482639301829434708826619993003065313013541881873074637378523620081859118981480968170031998636237230750182788259451305942706866980594687647622822808201986048
394,0,34605094216230352188834794445850995200101396142328620324356974549545765085620843515389001179555311779335643818908457835717598490366727306033484160761272463706465210645718490103816420484710400
396,0,71199843579666113059771760472402179207365253851351130360356783892222363912585218314693372735568068292257321360964174045501870960398346241410219380717285092625504992874010125655060895389188096
398,0,142697778101538094068118074684462951744611972313864237272277229848151406751537933567052419397941386092181064913196392276659285715683091741588149947762959164318850466533000764156258492667133952
400,0,278507915835214520493381459397171705195588862260385110887131089819489217100502232716986786502519425480809771429900198285007435058581734783805298799704806184464678143201769377623540114669961216
402,0,529200083607557703300975716156405155876922642278911781804983595670088717992825465789594992376670256327046792142756313738770676983959149573272758738610207187635161243813487313963601154638086144
404,0,978680049853225231137187597620962088151398996917825946077759189424737431615067216314857641688790895102932003489856287067060118331294892708007127540103776716056426913324570875338830637864845312
406,0,1761054251927516324961553672429818633045115226074517522682127283565555102878446801350626960305271631686302894709557019114623516499023059639451035275167581362385770470428810160705254019810983936
408,0,3082368218007288266028168155904907626307905778552457568006402888972580166571217570066201513613906984027172932023850197907931862153350092705560790232218508610566983531860012794169478922295574528
410,0,5246144549469132411805620306445892911052815690626498620434529774662577933833726237492630456322761927797197262995015911344777118608011514749226355091482790666312687703873715231901419430874185728
412,0,8679591322222440903216392868665216216662477968292723780147226787137514325694828907275969810261287265742701134053626392551773540854284725667782891456192902175695598751805770178548387740676784128
414,0,13954545148537815085828459147244885097254585460049187554637971818723602858403631461968912460641907110041173525308440708852556789668395633458636218440272133892290250247169359245202817684284112896
416,0,21794047258007887391148695563928973803122918841742198209997973108289375188415444441151097680896050678092623404235174483926483587961972002305340700283653483747911272260516164568236286302262132736
418,0,33052791376682735071367472954236265412753952008159204079672201343001866291212337897053728846297266583367414675675433767030221598579300047619157593812097760366643167495826545491026036311573135360
420,0,48658872675359273792947335135499891648774092139055404067919061051817868626089988328149558837740061490350236488443936062266468739596079752831302644707693254744661309580349959901660812482032173056
422,0,69506909887285283495851141407303119916011635418413549652708144313239109214815526982979827764513997208995234437326385768721223312510930880835785566346868231874313860085208307532981468924087369728
424,0,96300060204370763148688439536522012227161071833219232269963188615329184465638270996345754977673859909612988782038074503568051080408195621952168695269148897698691922483641658418514998465138786304
426,0,129351048942311189298039649436874867663102567672987409931192737023042555705299825635963108680872656219924028942128993067018966968226749214766484581296637970153347817459320291167255119615445958656
428,0,168368655353138099900384329224067592923361985065507485776567140043849895877886207503871868406476989862773680478959428262670037049091096031633820896652293004833801420804754726295667875235395272704
430,0,212272458245633765272767091565296479547593307432961466881198165189553986950954308835843157049339827752283816834770951415619838919889162962652532687968505975095792865444208775744296746390581673984
432,0,259089456871466385737911456228726431467005197006875882243316801320980469379263510585710541650899364755037069602359695119379516149783302268831066177099162733635721890693882771418589473927564623872
434,0,305985288987580913888771907830754518440177403701642630266396516253310533854119882305020007123983916075963198370166618748595073023674869122542864101049832099979002282560344575103504440465515610112
436,0,349465731894816177021554981262644657077289502562817770622440537422033770727848537975074722278487735423136182456351017690458076669555939465055741365649552358387687941687002309827158411499681087488
438,0,385750814172064528797708390159469594009349626910309586926788901171402039062973779166434555251466389213380264475805301258691530836144189620289590543198954855486717511641008445869472904139193188352
440,0,411279961534501496674279564134284243071396493344251891443635321844051700107615288638324726558145900622977677770251393977578920100735831964578052634353399358522262195031901396796677690918095028224
442,0,423263591936476180713053011209237101114375884307824197529045918087295975642390487940664656562983139438631078843584729520960504071819695275431157731441214708834010007304717543655841049259058135040
444,0,420168720017151728460220892475655793458383319111612028235800392146522626714401703270853963700963690562148326414093316218778412003178498772534466441310171593287931756538188503003849494811826454528
446,0,402025602240508405901040169064467759529213808799771155283575914462620889388060238643551257928657690970310718124545186227519261526645989903196992186700809751413819363892707757771366796945004691456
448,0,370474090048750017765251056006123204147593146321126925179198556120940978784236149670027600843427887750510508825428427594922313496012986887638873087521394768607221897275093759097237551864742936576
450,0,328526393240879304612406527999308712965789550919671780153426789170961966855616346829324386882302332707339468234178337801634383463705594060762275744198723956776650620213477805029215081825919041536
452,0,280091632736842744057774218055496498791968735436802437191712928700477916978950932509322663208918671503911030220508258707146005822817819105784617122064460490689121056624391836135867553884426731520
454,0,229366011417843555892639601636125654413120071453610938660478433370290620597623517795950632268034463696125357464023928567642314194624826705199467136944043800059445013371720943113157467948359614464
456,0,180222194958057941453100449390662330138024731762450018902378376013190997280524262986750620447573925973987825886003225152695472871981939136241629207530611411738225731435676233017219958057700687872
458,0,135723597411130799363891806471393880696879269245199647248132271811191514880191204231153333494078868373741823954694909900856437577518959027496912008033640181172776594470960928824844546357483012096
460,0,97847686051814003049379455297233261446063408450105940708120956853531532521875042501666335638961026395513006143621556759200230041278707591459506089198524590721756539442744304992888093467983478784
462,0,67442315179229423219218685530714100408390247456644266162379181718069870596826701613109050702296016741971142361135803798297105987768159680114328365745090234556002776915934076509215589480334884864
464,0,44380595404669063639689640640396110004455716407058679950620290849740426680802362001578214730346236975901093569820819346638050650376914060453085582408932408464588624277136198396342022841447743488
466,0,27840192387675193212788764863580116888387364503078251464801299520094624669761905152192057475977914992668539095353408441634168198672281955263112668771056173315222590304158489641026920972065701888
468,0,16620744167795079180802278042433160655754060758676414791827758082841289337783705212077215368138882798436641478283600633189271956075577189763685635985926265234921516654166806989264365499103313920
470,0,9426306168125338626263310681249900496362682976376815957391156711890409857578431259392978032011469001578381269757075673719764687948150982221780401888912448555960325578320834264495640032533544960
472,0,5068539653975760389804830733545884039827402351237320719436169361699423763386820823098376348875226632029833209780649776942785291008945334054470953255782040912970019756814692374520000769507196928
474,0,2578245255812606265920001443283614949349874767735951693996469250005610259429743463082472534720468439456606977655215704051928223670219698130002118666254634791622265603205980243859214492084731904
476,0,1237697364098078872234202499007162448407289820467152120585246996699114466360121444095997409601876746535406457871942418969166091481275763084725537635083378158367571030347182965835443219684392960
478,0,559222799535320662158710839758425736606131712965505525999716348414090051349918695212688879915124439878012853925757746182723901515747813176107553133375291396159473725358887153892372399555346432
480,0,237098643976167531706875662926008877354362798741620226155610314374383037709369456057544476527937674548898393423452567982980821118454898224298141195238903021275770300121892364202151014450593792
482,0,94010842458312715616146524750901930599272777195577638010562215298238826196806600009218461901195659625302463474592833461624678308395491983952287622069939926798970379090099644654482858669244416
484,0,34727062151913410450788116191789836613639422630461931542837879049247726650965644920955002190024249582589493360995300252559001631585274760577640254202088934209149283035991382494659564057657344
486,0,11898749156082060527578675813851763225101391305589260499137707579518468453771682940899793470137989505887278346437526052540577630606970027780219908557824954242990627992317195360173823828688896
488,0,3762641301793709788218558357780114401799658389259881114041745258087464743753765640643828822134073631154091677351631207645351582572910227725763363147041662336653028940286802720762192004644864
490,0,1091696173972005470345198588232030174254782921059023914988085557789531365619066093302139838047368968764793445264407825617895237365750805127843589953455842628318484829741417052544915313000448
492,0,288628027786687894658520799328238507677090937104746432737818618594321851185590555257005190700779425982864245629352948884903081900155668655753632841944208087856207540078702910965062934986752
494,0,68966100714230280081748102720635254633015412564509089078226391567098459439521240028860702414000628847808982732814153823367193735936993676338147996439068044983340090437933629494696811167744
496,0,14745701286771913378246366445461714654092832539788079622518807776814670039857360676775638536327533577065275880503974038279734613386816568674662898496047246228693717676556494415983290613760
498,0,2786568935855034251250251734938592045904769357378817977478632950168715962214174040508475871580133277440359261149354170793733388280268598052043245514400156934657537644486764272355893051392
500,0,458190916140588879282232023109491604281383240459132283525409051668498725280045635720748341497372308843858394718460954203357538363308036336894039758343212405216519883426844263405718601728
502,0,64221123593670649585072863769680465187751137159386266405491300179874623723214517890837139060585224902007150551781858650295116184641440464865294746811873738405945039008190475670684434432
504,0,7460483691372789016925794734220386098419680298680609060433948443683708906620233284986016424039369946240539665187180896887894945498156687272415967755728995148070031088273008194303819776
506,0,689640032119059255650378229738562383738017633308726866078005800399769994753842874207279746948994632290895594927553926870410159640625258227307854939425938220724870602241751934826446848
508,0,47561247499735913458428915973456878217233012531673369554830036031426415148019524708923081426596689918961418058504482460811675129861069390509360571063158053392627255606948250993557504
510,0,2175427170263716814849451951444439326405699099904816676361670133183554405762163965060871890212285880641572359683366195598070248742281541492179100443844599627119503803731087596716032
512,0,49498902373788980908170968225422628904042142152177733559456105069536280204054543137368147700868076445301028906920094553354632234727808615683286063646828796223831547921434312441856
