0,0,1
2,0,480
4,0,113520
5,0,20160
6,0,17678880
7,0,9360960
8,0,2044477560
9,0,2139480000
10,0,187904988000
11,0,321700680000
12,0,14370192450000
13,0,35891376696000
14,0,947336210964000
15,0,3178090183464000
16,0,55439835289609500
17,0,233421657721560000
18,0,2951736887513340000
19,0,14683646008269000000
20,0,145721573480535030000
21,0,811120596342640920000
22,0,6754640326723916820000
23,0,40148898371261918280000
24,0,295857808029844953885000
25,0,1810342415212086483000000
26,0,12270623413212877473900000
27,0,75348412022815027223400000
28,0,481968869128288055622450000
29,0,2924271738002285018875800000
30,0,17928542315949901704922500000
31,0,106617972154184112930121800000
32,0,632009251736777123711625543750
33,0,3671284298169849277772835000000
34,0,21140606680761435564113338500000
35,0,119844038681436422165102173800000
36,0,672125450134471247705227175250000
37,0,3718978516144813706635490073000000
38,0,20346006885842969411521813951500000
39,0,109942184829992288641420563675000000
40,0,587375756827198086323044271792925000
41,0,3101608362526362891011828095749000000
42,0,16195522677935280236456432023804500000
43,0,83620772678552281821409828135383000000
44,0,427037616482058828655573945788429750000
45,0,2157093274566917988336449616768153000000
46,0,10779527696084501630297387484635221500000
47,0,53295378565595818282196931162157563000000
48,0,260730857396548715791828167940658988937500
49,0,1262235509919714496244212918280225925000000
50,0,6047463924358312388201156445356492212500000
51,0,28676064036167194821849842419087064775000000
52,0,134588809156498063615373123539916041781250000
53,0,625265605486280224287785353616082818325000000
54,0,2875464972213670678305245253328449707737500000
55,0,13090510716078520696791136506559733174175000000
56,0,58996305133501687434010596988645356570946875000
57,0,263222888256879773264953214526071534876625000000
58,0,1162682976277984654846977651131322594173062500000
59,0,5084434057485247054206420106145235222718875000000
60,0,22012506761454519164674981376363431361944593750000
61,0,94349739758132375939672084221106091320017125000000
62,0,400361217359070344009215600643825242559436187500000
63,0,1681883932140688747939114159116878366068365375000000
64,0,6994591476012093038121295743473020215858655212890625
65,0,28796348939282194851721735937635950507123590625000000
66,0,117355789611841725038189675983224146379042690000000000
67,0,473416802077948244442384222284806056660715966875000000
68,0,1890303846392286725930420940106006399002246858750000000
69,0,7470363473497841860993751711659404408330549810000000000
70,0,29217557157167161658975642629640109176906617548750000000
71,0,113084849547960983791315748444686938381857859435000000000
72,0,433097710677209153681818841275059671531994814515000000000
73,0,1641145258328491617870736412671079816967506782050000000000
74,0,6152371342174837904389408436859932941431025145100000000000
75,0,22815130503620255023076540655053828871040749966360000000000
76,0,83682450282209606499124965896064892692923094634950000000000
77,0,303541673667443408700223030335254686475670768740400000000000
78,0,1088707924168548315455518007077452942559072387875600000000000
79,0,3860513122224193147584064141546899288848141916180000000000000
80,0,13531479331197678350598039143693174997929425765051680000000000
81,0,46874033420929952294687133655717745224633081405228800000000000
82,0,160442786674629495073486491293403632225683513409544000000000000
83,0,542520696646451710046339982698892964764995151040953600000000000
84,0,1811844881654945356857332966700500632235926991208441600000000000
85,0,5974850653806322749082522165950269742342169732672780800000000000
86,0,19449973117448762316305714527130723679147251018732390400000000000
87,0,62484545266345703140895916083683268318687207485045708800000000000
88,0,198040527863801038567294174939302644037965273738664748800000000000
89,0,619040733234872479606858051092901215871492551634106880000000000000
90,0,1907711232244768517334220314438440932199371030584168960000000000000
91,0,5793841191799806405101183827924423199111802254072048640000000000000
92,0,17334045305550809708610761945274603518667979794456652800000000000000
93,0,51064229508633434562243551401996049276535962658619023360000000000000
94,0,148048870855971651582860817206928829722028537228553840640000000000000
95,0,422216292621434043685732281062970422380528667968099491840000000000000
96,0,1183741457139823436864908802720789612041349979363712696320000000000000
97,0,3260613226734407197889046095298402322608491039698409472000000000000000
98,0,8817928900327755374930530819599074323540332215363678208000000000000000
99,0,23395701523881373650874647517265617660948384628421677875200000000000000
100,0,60849192767396293773235277802340492442318496921793340620800000000000000
101,0,155001572199537368098537514011795184261367125547417236275200000000000000
102,0,386327092434604276072488297765236631350331559820382368563200000000000000
103,0,941118734781595696952536823946688722347658273622003698892800000000000000
104,0,2238143210363810876389950613548957101594319832135933958553600000000000000
105,0,5189370615212661426527607762437878022061551441011938164736000000000000000
106,0,11713635893327078406431011980798533194551980863891035586560000000000000000
107,0,25698917831377421105967908971608850716485730629248013303808000000000000000
108,0,54701447573962395073847239552345986661360706694836163182592000000000000000
109,0,112736763347251292413762172073140144630617778443554123153408000000000000000
110,0,224455451391392142174390425741406465278803445116799085969408000000000000000
111,0,430610248512058127226424486117852370410264603766162894880768000000000000000
112,0,793737028939265074282095275540988050323405236712942214971392000000000000000
113,0,1401159815062721437125467752070960312625866356981618169610240000000000000000
114,0,2359932831587696120434883248791084013805237133926111851315200000000000000000
115,0,3776216648744381716978591844111997817125668825019786196942848000000000000000
116,0,5712345121163387557389400043869442026813739402390818133114880000000000000000
117,0,8122108811581369216801237179263136678420918152921891796418560000000000000000
118,0,10781110402396264676511333277667183495408508979151873004011520000000000000000
119,0,13251229353448786829072692345684192245719143716246767271936000000000000000000
120,0,14932327198178063463126460091436689479758307434798813749968896000000000000000
121,0,15236930646184130422693269164115787398558502349191277854064640000000000000000
122,0,13857623839954133512422148865791114585979039766747884248104960000000000000000
123,0,11000739685757514847650988114526676736090578730050164914913280000000000000000
124,0,7406397285109674219667462425857210076294699190731497873080320000000000000000
125,0,4055867481525865062812343618490953345450535803784797314088960000000000000000
126,0,1691183632458187905931215541115086939118010127986806835118080000000000000000
127,0,476396124681894704742414003827599609709100884343487683624960000000000000000
128,0,67858750318060582942960134266140642080656812014043303772160000000000000000
