0,0,1
2,0,360
3,0,1440
4,0,68580
5,0,538560
6,0,10231920
7,0,105603840
8,0,1372764690
9,0,14966100000
10,0,166645225800
11,0,1752168888000
12,0,18054149556600
13,0,179918985542400
14,0,1753053267886200
15,0,16631317972807200
16,0,154485158258400975
17,0,1403344157070240000
18,0,12498839293093263000
19,0,109187871749094204000
20,0,936711045764935254000
21,0,7897222543980610764000
22,0,65485177651106223453000
23,0,534420267260247459432000
24,0,4295236162712936244522750
25,0,34016384202775070546700000
26,0,265596029623534680423360000
27,0,2045464023024513318120300000
28,0,15545061259405493020589407500
29,0,116627247300949291312626960000
30,0,864130424112216739209827205000
31,0,6325312330661323068484553340000
32,0,45756219120416088361570697281875
33,0,327201480449496203485032148500000
34,0,2313665322644105604588035745000000
35,0,16181575730596967971433882418900000
36,0,111965345228346990089129841181500000
37,0,766636882046220889913030859280500000
38,0,5195574596788846956589330710155250000
39,0,34858121131155874452273856969771500000
40,0,231571079064575102067444944513013150000
41,0,1523537322861836761863101991784615500000
42,0,9928513364558954645740733743074772500000
43,0,64098423186732037541451906540948109500000
44,0,410022919200514309430917536850988766375000
45,0,2599133234241710654272585195805954326500000
46,0,16329280631435070363406318071624339843000000
47,0,101690147860322277676315743171635417518500000
48,0,627792569177312360948970991806101563151625000
49,0,3842626660822980940296998021204936397442500000
50,0,23321768591189182943179932271926203721318750000
51,0,140365381386648560427285277302331781126377500000
52,0,837848142368347973826975178957430786814240000000
53,0,4960399012083046735149700412225295041423497500000
54,0,29130701984963218765164335788378670398434967500000
55,0,169708376007462838378312255137960583090284367500000
56,0,980858955878215645814538404573779142824783482187500
57,0,5624603027980463132481587989761638402151232012500000
58,0,32002837324670337734491140860781744903858189562500000
59,0,180685754856690192888957521159205495496457113762500000
60,0,1012334495440353867748362088314499809102960737756250000
61,0,5628765033636531645021556203795876810048899587912500000
62,0,31060890586378937139928063738043878520098936006106250000
63,0,170116972485601414899661237305377684222202371545987500000
64,0,924770940694199819090650430238084993739138456240414453125
65,0,4989901149191787056618144055311890737860576618465437500000
66,0,26726252303648862959517589053479792848125300665910703125000
67,0,142098128899865723310823383157903345843746906518667750000000
68,0,749993311235892236681692469260461759557479758788251710937500
69,0,3929691834526704176427478156081832001050131548057714937500000
70,0,20441079030133609090903552215761698476412134254161355906250000
71,0,105561205177794525811373233422946335257970827026382851312500000
72,0,541215099923674611174221792639758750939083310450696406988281250
73,0,2754921578569672234527310122081488031021130821463848740625000000
74,0,13922908923388631541113254103852496525843838867950985233984375000
75,0,69861626061918024662088570707606224453376884040383236715312500000
76,0,348049381894908622710818946591191517075298397426440007347265625000
77,0,1721634568121782008493680475377389197002980086204580066292187500000
78,0,8455561319519197681506814968447325488940688616730667871558984375000
79,0,41233261492737071415441081708979999194560231953400098342856250000000
80,0,199644850969123126490894335126410604597202006769223542726113759765625
81,0,959785367034433166962278426377607905350386329238044489414845312500000
82,0,4581367487033182996028184537325524854554696363765415916358948828125000
83,0,21712985788961474228176182487851648688490874318312308624332715625000000
84,0,102175038995984832593729041546326657108296695797975642093036399609375000
85,0,477383458862699553861738091272656061794463644268859161345371662500000000
86,0,2214535623924658671974856522275658498635488681254173928897259393359375000
87,0,10199648251995586767312346262346331708659062844196040033113517845312500000
88,0,46641060552037928058100133097163076169404381146115317615860199841894531250
89,0,211750682975743231859432252039786949626990354846884456970408708531250000000
90,0,954433955786565367890402580506790858105615487602247783865733266667968750000
91,0,4270926241507956739687652073983717690719175830953150377550057476765625000000
92,0,18973298356548913580933410661208895217200801477205569865127348344891601562500
93,0,83675167983691780251792198954299489350864697032309458846824426906695312500000
94,0,366328505995460859155205194393740927290312016181814662144736989587693359375000
95,0,1592030988962167440226926430524475907294581030779078242230005424043484375000000
96,0,6867904409161722815075186846633565070133828663568119899135007714418956542968750
97,0,29408511310662929747421607208490288254311740137927703147319350956693203125000000
98,0,124991636908493971661914988111444051571368342210643344510007446404299345703125000
99,0,527266160047310591186422508503068903348970796677617969034706342940683085937500000
100,0,2207499587848722694598449699832430121026959639242919839130440731183045688476562500
101,0,9172183511892771657138251495563422290452744319262301431039541163301945468750000000
102,0,37820267216000094799056564475604831471934570966689767088384754153735015058593750000
103,0,154750961438569316973767318619480085529430610942036155753587069971696921171875000000
104,0,628311365692269355680598596018334187045764015712581225202857730619903402707519531250
105,0,2531184914197152435344775074518813886869031127471940149170277755533681481835937500000
106,0,10117040862122580212471336198936285264363687612014672254644132301663444301611328125000
107,0,40117671903015042044941580683794248893594183094661047747474841676663562559375000000000
108,0,157812370411082006591673579304060818029104455011213131096412869351532355617724609375000
109,0,615798380894978123526879140645708700578494342901953892299460991469514219820703125000000
110,0,2383393849028090665648328239402397639147153934426079805597686667442178787606396484375000
111,0,9149111566861425174003812150936181843774445861246569724684911631598586139090429687500000
112,0,34829910709120289403077929511307002845235491360332621252547637590897642386843072509765625
113,0,131485841847676410617970258730304304653914174785015932068432401059715007052490234375000000
114,0,492175509411964588533683933988833359884639304624940076115755745070401085970142822265625000
115,0,1826563754510235108069880483106605456190664891897149347497249568289612969898694335937500000
116,0,6720183851977497538226406079104257023536011986182985029476207214770242083908638916015625000
117,0,24508388498084185930939687294698145281858513975702513463300472127260365056916508789062500000
118,0,88590982027271543701441241818634056882228827724475600640376436919910923990693658447265625000
119,0,317363750542452617537208581477290529386644531309309418419891517848619160555742363281250000000
120,0,1126595443890893368628994790091351852006671554969213902828614913904052080849961788391113281250
121,0,3962499414958140687592945630339922683889021394387257554692991255220000222613603647460937500000
122,0,13807226400918526282720400095282628979632046683599393722905963200857135838877137712402343750000
123,0,47656578407420615428224869176068422816843312536918168005118455084095822787078436215820312500000
124,0,162914304944458340136361621775041148834146165990237626018092196697266707484425984877319335937500
125,0,551510547843272802758631976900731765410067993328740996074816696665845542655464494541015625000000
126,0,1848597585848556524053297761127311442884120285432955202715658569549715969521553308680419921875000
127,0,6134200013849829442028057005816633915865736699329537449621589316760756773996679528725585937500000
128,0,20147943788265756543004685291734160777741787413594735006811055651741158907908252988516387939453125
129,0,65491982546253177608076263394669890592956851134587498682760835242823124485678547062475585937500000
130,0,210646626700533166762051073750608888948597534026606841178450950435761613561113314685021972656250000
131,0,670271993735882517790878909661225303652449934625478953141354348356865752640956078084399414062500000
132,0,2109579076313422818648168091753014278169238534883302519649680429550982912451403256138830566406250000
133,0,6566036795319917895794368946662249842013737555866648649042835455432714336088893166676293945312500000
134,0,20206200595924344424119527632692067755497642183387663409807697065100186778563237048302685546875000000
135,0,61467743671958443174875835053430725513637375685871312385927804102416814625132837992710278320312500000
136,0,184796932008735217855567871567136121475076243872774174075374128368297202802921211677726950073242187500
137,0,548942383356190275930762738220823754766824494188550809063073384551007992727099543298819213867187500000
138,0,1610789593460037167057654208566423018555488513533683177249378389202137188807984353653320556640625000000
139,0,4667906426977606722836442154183630015458746495260798517076211095747074565328932033688616088867187500000
140,0,13355603040117958512873458929235951207838921467462498469673425540319285689912853035085870605468750000000
141,0,37717682541294600785648263158443856278183610774244619404882012875536006020961969032296192260742187500000
142,0,105109964481397213134917966149520072532852470611200075798249968836747032479864571073710674011230468750000
143,0,288956429813318590263819044169294256622763099343851579540568513219926741575785430309358540161132812500000
144,0,783388769749074050940613864928472734827549516127650478627542256228041218035838741562044524322509765625000
145,0,2093824319802618741951050200227324511248268682852645970064751771869735083083410870724166912231445312500000
146,0,5515396259722368659987937585014048469224730680437746685382506758603403381556138936629153346557617187500000
147,0,14313189754693540832712718321218922057447889122477883913954140097854772687988470824961272041625976562500000
148,0,36581601250015302312338272345117774372268365975473381429241951901100850233624478869396724795989990234375000
149,0,92043326384922217695865766750615521756336387594708325811678269679134906390580228978976212445678710937500000
150,0,227905603901714203235459320256508343792466588241479356410287729229384949241988430746140079466552734375000000
151,0,555102635534205276116366770705578992970937513821421254008324181501386649566346259209001580590209960937500000
152,0,1329419136625691246855254376707982296261080177434225394513148550697598656754443326218327770070495605468750000
153,0,3129158146893952194328991203847509446094968269077837792153790914852801292452674985966249378280639648437500000
154,0,7235490557371045522164555699621665156773115037792095945892324716368960850199606652915782240852355957031250000
155,0,16427521107785433289798061955093648210106618983389094955848987165580971541804098735138679042227172851562500000
156,0,36603154479367697303439140349466319666982469220470222848977450048896269736384096351163990526901245117187500000
157,0,79997367188946404397872484426711573326557519427341917727700122496505384191051174418115496274673461914062500000
158,0,171395912336422039663199404768256536415050351507406613104724883940021300629472294540124515164993286132812500000
159,0,359780315354525492468015175375231172587289551083211733297105254029763225288427478792390203653396606445312500000
160,0,739465197928678972367909372174752020203992020412231589964693873295774401630956896570341121054944133758544921875
161,0,1487161580568435879236630595516747554277889081589993112457035565784933979676804706630978900246017456054687500000
162,0,2924552268571542074306605706825158650097264437681947836511997575773027702842793726368004966229106903076171875000
163,0,5619590078896871210648384819424944086849265324695737001732662768273972272726918054972935138733367919921875000000
164,0,10542843242410417286421033387897366034789632144379972014140392331678641956490050033686083871095350265502929687500
165,0,19295724034749887171532216403519604689711703548305980029066063367327759457540376675863513032417312622070312500000
166,0,34421756401605779074449688869906696544228935992003509076250012346273916131158921036308266259295227050781250000000
167,0,59795039745504980745311516688959585762152407452601227103099050721151733913331858044233239255143264770507812500000
168,0,101045934147130655901420500548005185277178869805742537899767534097674651895050787464975124715744570732116699218750
169,0,165928615661135918953054821404076240231731251405519922438254928318692506100230455321195178936779479980468750000000
170,0,264460536174912593927714670750154487983803688146550746623533198412527828966665119591053107956255779266357421875000
171,0,408584208244696169103330402548918504522298164894219652123094604505346435131728989829244235459987106323242187500000
172,0,611049422294384371245023315253336580882033924978040754366814158050458241720094429113718335783753929138183593750000
173,0,883240637238595489652978608521985742116965568366576106024125648596596001314010999119086996252240219116210937500000
174,0,1231841403223895049806064192534301373086469420504206756941097124324391653398989289740173249697981662750244140625000
175,0,1654580900027168959773925288791190877465922022651871217336461434923636187288114902428461888252784271240234375000000
176,0,2135834603130831493214050361614365474644259877393490593195770254431143582532367425181357838397671411037445068359375
177,0,2643435053818989336070681339518293533131795116624759187993173244784324401352667031647328673999032211303710937500000
178,0,3128446519925055776833152974160190163786494228140236526905687807187223771656534819447655124765701389312744140625000
179,0,3529539396678123395164554827769923305686531431909496481401609885834787583322344262982911921513015747070312500000000
180,0,3782681404611949720096483893341443990114758598140711549695584543175711285041291539089933892321988964080810546875000
181,0,3835109003903436322879474537348662214402621012980524217379820135870440541969221172063757834627458953857421875000000
182,0,3660367838384348504577340045747956233971777093547189492308690457758475055598436153180784848600275325775146484375000
183,0,3269511890623091246578933567714563724980486244433800596993900495329203053212317988692995268949479293823242187500000
184,0,2713439392820419562326186887547254083944114259147167070892954278995697523762560071022934490738875889778137207031250
185,0,2073557179485764033863921365565282738950888442400384890792492495327956578917577695772652688430797576904296875000000
186,0,1442213544872192476822752816669889745898766966404371564642278289732524796452059407938817122461287498474121093750000
187,0,898983942951744415061035864890140831859570138629468920609641710399385197124738989160004801481803894042968750000000
188,0,491526698537019335864290644822745179253124559838315033015741952893660837255430251109462434517420053482055664062500
189,0,228338472011917975214338296727467740495487965962023742011412363773043301105099368792467717025915145874023437500000
190,0,85598314859291543164542634724282479050202494134958470578335648274362502661956471158611852287726879119873046875000
191,0,23482918262092065554491806032532626374006956803590991719775778510290925243495533235662043606285095214843750000000
192,0,3705398826538655539502879044993057382250566260090436565476949744741377394129370651396715958070814609527587890625
