0,0,1
2,0,240
3,0,960
4,0,31320
5,0,243840
6,0,3408480
7,0,33020160
8,0,345192060
9,0,3327480000
10,0,31389066000
11,0,284307840000
12,0,2519408232000
13,0,21568802688000
14,0,180882467874000
15,0,1476806063544000
16,0,11801822636355750
17,0,92287049295600000
18,0,707209756125120000
19,0,5315156130702960000
20,0,39219928864446285000
21,0,284267883703683960000
22,0,2025742470377668470000
23,0,14199441552319150080000
24,0,97963129175512351635000
25,0,665531499098485141200000
26,0,4454392529745096975450000
27,0,29383443784255203279000000
28,0,191109014941298211762525000
29,0,1225943574895810447873200000
30,0,7759148125108733114976000000
31,0,48466002910355622099370800000
32,0,298853186363839479215351840625
33,0,1819633243895450532481239000000
34,0,10942435176571765941103026000000
35,0,65003839474278142466001955800000
36,0,381542370118742145237294812625000
37,0,2213102472587015205867470388000000
38,0,12687780786381571180441035278250000
39,0,71905038364511124282413939295000000
40,0,402884975162672325260049237334425000
41,0,2232051654649299994641246654249000000
42,0,12228611785350700000684827657431250000
43,0,66258773783697765334387537513746000000
44,0,355092990049740672720332093134605375000
45,0,1882383344047948180450454835790707000000
46,0,9871247629520022085589724810956964000000
47,0,51210710772899955984347335268793723000000
48,0,262843542410936315389485595035192849093750
49,0,1334752855993274669965017170352123300000000
50,0,6706364486013957941917362763532796656250000
51,0,33340215334575817919372981645531814525000000
52,0,164003604371375371812593429829581241337500000
53,0,798265854866916786762925141434173118225000000
54,0,3844616172944550287307371776918877133768750000
55,0,18321816180834643489535736203133999253050000000
56,0,86395218974034474382511713271273441963939062500
57,0,403096339518664655438602301401766991059625000000
58,0,1860865569113862841255199434552378502695312500000
59,0,8499510572249609875672565631976247677000875000000
60,0,38408565133329729176003259238191111650831296875000
61,0,171710413545486430783902002093113617893524500000000
62,0,759408282289004255083044731824972605791349468750000
63,0,3322281937178427533551929783242804304388496625000000
64,0,14376358852970734553311265294711015534044644539062500
65,0,61528708079515061485575023519089727659775780625000000
66,0,260426201156244341403176331771526433920695532031250000
67,0,1090001912219471245411821861191829948647335233750000000
68,0,4510859938381000025214554951375768467516353453046875000
69,0,18455705892894503897714198935284440696303887693125000000
70,0,74642597289511478418553026143762062895006282453437500000
71,0,298379335919044109453631718973972885167687578819375000000
72,0,1178727073692681403528018097223571397151841039373789062500
73,0,4600998918888885963003763090387716836290618783275000000000
74,0,17742394341155181252391887765529023518513995799182031250000
75,0,67579535746045505661254398169092423193059735597175625000000
76,0,254200995777493802861660099446770059822285289818760937500000
77,0,944079999801539869802310771431260930459966286687353125000000
78,0,3461100753425235963018837271808208082841299349041164843750000
79,0,12522515922398438821337820813717741589950923498690343750000000
80,0,44702532815755740527448813159056945691012505338442360371093750
81,0,157405545104302866340310265811475762579959975112723878125000000
82,0,546552564935253466434130074170872431204823065969420300000000000
83,0,1870839599030480347553196328770206936500833963423618103125000000
84,0,6310941391980170927643498936809186780636908574488104980859375000
85,0,20972782518408661679587935141578130402984904900922544637500000000
86,0,68637924195655658212717023752608599410569986737165136349218750000
87,0,221131307854346127501701302614617847398390809673170051753125000000
88,0,701028230561288427181346756805843673449308065098568755059765625000
89,0,2185897694458809195033142071393918616350423468330470778046875000000
90,0,6700868479308665709626329169645331758731492256581675652402343750000
91,0,20184800731891051566529584540887389003457670435354197379843750000000
92,0,59714753343639240357770884773040394629662402872397395853837890625000
93,0,173404365972236095675662565993826659747529437034124010955390625000000
94,0,493971489140722717394311943900437581583983779987120450740781250000000
95,0,1379537219582661359847073839328337869002019258502374552265390625000000
96,0,3774538414829187131026567898853356026224384544036530758265758056640625
97,0,10110772374479735482926581076590225100370909255333666358985937500000000
98,0,26495180869798410394385787407232774977228802006577823132227734375000000
99,0,67867704250744751828687340901637807596052914056799460658346875000000000
100,0,169786458108607368853581446332023102703289570271395859727302392578125000
101,0,414470071986565499288487834253719662943204992727288960234687890625000000
102,0,986313731186648536078961463054057839885557971516747470657215136718750000
103,0,2285720392466399253200518227765175480770895243068320751179585156250000000
104,0,5152783387925354608458218561902977888783340659643741800691608544921875000
105,0,11286604923197119671181727166508016735904187924156058204655890625000000000
106,0,23990697447330784278596930900069723647570429095913069399126879394531250000
107,0,49419123939642726092814814590001088164930358760968315265276509765625000000
108,0,98511702450370929981577429861179136260066821575828760562649675048828125000
109,0,189729929471485263166539024334370309566330674809730031293929929687500000000
110,0,352445408550588141986614950800239729973718879168954449207509728515625000000
111,0,630283786050617579079210732784604896172989500380850025661557453125000000000
112,0,1082837264344278451491960039841026960027776119778016387459152494079589843750
113,0,1783055976378032484757828703247635061358095290317444220127737783203125000000
114,0,2806786924732518115027214766545564530094571268389501409395219763183593750000
115,0,4211267769240303629435347974291389149302881001551840292239182804687500000000
116,0,6002104474305933770688437809919903655433772442245891399796042861328125000000
117,0,8094191467101584834104254758791136198625651710769960170972303554687500000000
118,0,10280461362229838091886626106335360748679091896155068631842903405761718750000
119,0,12229725108511358312857454968692617025920672505803715377203062158203125000000
120,0,13534941379879415126668914927814672849993941056160531748131623850952148437500
121,0,13819091802754005827781896036120098115321379987593134897295688339843750000000
122,0,12876865840085242024663539248088374696812113556291664335477414409179687500000
123,0,10795451463691034548353698883883205081594359654064682347562184335937500000000
124,0,7983398039273946430561037540828928640832822244896993997086909447021484375000
125,0,5056817584341205460213242517357459373590180677497902809807786728515625000000
126,0,2619157448387658363014344473420336181392042566197017492524022590332031250000
127,0,1011693952984801168669034947187959981646859090757959180336410976562500000000
128,0,239454667284109906710647700749446204201971033199966582144356201324462890625
