0,0,1
2,0,3060
3,0,12240
4,0,5081130
5,0,40563360
6,0,6330564720
7,0,70898070240
8,0,6618084990615
9,0,89796596274000
10,0,6052465705354200
11,0,93019150080846000
12,0,4960777522990296150
13,0,83026452499443921600
14,0,3707964631206854439300
15,0,65719003121986651786800
16,0,2556138887687734161340275
17,0,47058316165031965274250000
18,0,1637899879842720271134720000
19,0,30901977003319929322456410000
20,0,981536572175829273098474760000
21,0,18787690571550617190853228410000
22,0,552719895136020728474825101545000
23,0,10652271567918677201130082020630000
24,0,293549354708400507078412196798835000
25,0,5664083806465877705493829415005350000
26,0,147480312550782283730772785008384950000
27,0,2836643348512792294604663984392092750000
28,0,70263154316017997778380293286844752587500
29,0,1342596182951332546467058357144375302450000
30,0,31806848069369555545458500877245069113050000
31,0,602195323549321906880239325430061933801050000
32,0,13702847049458116879461544672959625215748903125
33,0,256516881246142574444324701143824732054717250000
34,0,5625523922795434043998545776303946974171048437500
35,0,103948262370504794791449208310435253311490635400000
36,0,2203032321402694851058998558476801548314531385406250
37,0,40125229875718451815982116913724075127401987704250000
38,0,823607653050083047209411605206246954765802999120250000
39,0,14768960800002068759605454280836496224216328774725250000
40,0,294104124804705901716415233447456114424062487882948790625
41,0,5187053279702032309919871342260561473457510548546060500000
42,0,100348603737026674433729478894633506993541416306804647500000
43,0,1739101639083730017582650420879778477940015600661684494500000
44,0,32719793211270943082889660587676028802137189192348495768406250
45,0,556740017097358834128509638203970728316702764240533008130250000
46,0,10194646052517567574224610029057634392947491762497373830903937500
47,0,170172923289998154004927195845291148286717359950561947345938500000
48,0,3034471884128332716153760302973877202455939787455695232360593968750
49,0,49650936528502818745650903355158003559518296972622632524908457500000
50,0,862463315351470031555229669830496808771413788578163401528552120312500
51,0,13821376777650839767726739357330694923805106975606160754964442628750000
52,0,233909330687517177910704833039106637343057111843659186244454863288906250
53,0,3668123377358872188014238957840760844163842561843017768545919888065000000
54,0,60479197358735701801444887507771073421532304166741064599826412474376250000
55,0,927203556931734750773904062180175522376048775705229181524890618127420000000
56,0,14890435042122421046987371150984375477037979208719210002472257400497960390625
57,0,222942259713433128937819371908382652477410497706174067921537200672318843750000
58,0,3485929910969806052988379637303296309852665045850051105937974784248658906250000
59,0,50910306073641797709823805722962901391499760335550150321559684959221335718750000
60,0,774579481454887711509537823015782146810853899459084658046091124477563234753906250
61,0,11019655519451695575006207948629164945274981817434979836445398005361924926687500000
62,0,163009460657525146568824322617202723196986255984811374511546970547076015595289062500
63,0,2255541793712931464268385780352223029988662230037431007793607888683548674895531250000
64,0,32406346284753396721333314302315398719591815980018232450984314262708983352692283203125
65,0,435321126805102103062478276461994838397308755532048831193914628333204135938112031250000
66,0,6066786765286665547859070030337751623069075030908510646933709310514999006236140625000000
67,0,78947639494995164915871602188314219939619381163942253098043798842522763148168390781250000
68,0,1065520489267543245601853388475759345716270913551939272307633696339533664821446546992187500
69,0,13397241209458287047571308015982906826916541326262384805352232422741968465466145139218750000
70,0,174766775678040858093311754821854146912492488247943228846523313727462346502860011359375000000
71,0,2116494431084628107808063501571123080789457845954850627513636974409910738596475173515468750000
72,0,26621838402855824416644795382629291209519240334409544957037861714655361235109171345263046875000
73,0,309326215612505181129511317740258548835629585102832956752503561154351102412255533518786718750000
74,0,3740607473504116189696617300212238028385238135255855907878202288796626398931935703234906640625000
75,0,41498923993964408818924865117288271217472352806392971399916931903290362229808202663272643281250000
76,0,480746172589450188282471967377090325162781605985348644547674556891987187024836547256641318750000000
77,0,5061191549244934180132302993853601969161639348989832412435622791522316615567501474930006063281250000
78,0,55922974948015676675653806927212815695806217773719559303849803566289384703365906232012008427343750000
79,0,554252195001934583497951196566000008806352377529962395235407922158828025321573763453285306335156250000
80,0,5810281936909316016081330323135622736574943891031955022790323580455325605796295422375893271961044921875
81,0,53644819320759610534355870247326566209057834376447559630876462405196770735121329638781236916439843750000
82,0,530195048934610226796275592593923943514195272434158455352401792078309441194964349524221281858872460937500
83,0,4496361428810864534393377785387248259922286452325453645486719664428356552779340421603705122537042187500000
84,0,41600763047291467781431925127221542043298126000887781018186791517982426561802148391915624660976455371093750
85,0,317904389641249766245184181428509169004510025332834320763184284987014643284651924605690176597129138281250000
86,0,2732662915868338206717140382524029901916410858942989322331029564791325641922489975736367837075787801953125000
87,0,18320411073485175174498047499925498739473911177041784811525931595058567853086790907700438841024034330468750000
88,0,145196963068145544594620653124457839436345671167209343577212489615744864244362884682252478415755985984521484375
89,0,821240732758142934597242914217039115788456987909977859984481676621232446468634132926790859062329280718750000000
90,0,5956218771582831487083407910310108800937907402163918508188259901959803840090103614738168330886563238054687500000
91,0,26707183383726714211179041862258430501043464370013710946311408588154916763569783690618673062145782992937500000000
92,0,175956131343693501747908141389427393999259979284565686528325486845341795957453622755338575802380805575807128906250
93,0,557804203510013298957850378572576250216519032481505314300248237133549074755990890538777948462472782412574218750000
94,0,3313424079952809675774960415698496094908581862799313140664375980162979103831436884182450202255801514640530273437500
95,0,5595287264185649352671766790828214083905532991359426639289792805055029485093880075714262692136377028063171875000000
96,0,29725883259885408165205884015189436799743247271439616418978292213147705926433200149632710096593375739884551025390625
