0,0,1
2,0,0
4,0,2112
6,0,33792
8,0,2529024
10,0,74744832
12,0,2806575104
14,0,92642254848
16,0,2927628312576
18,0,90521439961088
20,0,2681110701342720
22,0,77293751003774976
24,0,2167846281920118784
26,0,59245912422919176192
28,0,1582288293760277151744
30,0,41344141637989569658880
32,0,1058471734924799499042816
34,0,26585551686242379201773568
36,0,655789713373569351654834176
38,0,15902365261035276446774329344
40,0,379414894970147081595660533760
42,0,8913697127135925708468388888576
44,0,206346836997548644283383308877824
46,0,4709890350028016193607596282740736
48,0,106059206923636563740707976248295424
50,0,2357440892734455399797174875780546560
52,0,51748671690821443504096603374266351616
54,0,1122322667562884241122743875474953338880
56,0,24058890312361542999657125549829550768128
58,0,509962855199109809761186692258324535050240
60,0,10692033577888559102755049392231225302712320
62,0,221811365802379740032068328320704516055891968
64,0,4554514561552312120344139930022244146422480896
66,0,92589010897327321494723470649833491456411566080
68,0,1864026217131876273242458286355449949177293832192
70,0,37173087115464620073064255180026235025209681772544
72,0,734499295116833272569844395647580597849648904798208
74,0,14382560776393479919276157027599837941515468503252992
76,0,279160144226713598161432015372872313824977887193726976
78,0,5371901503544215167322057966974997929687889483873124352
80,0,102503892644530303471449490609018898873551212467158253568
82,0,1939841186789215072208266133550509075632906547439027093504
84,0,36414737320092873718946704702013484909375718103029783724032
86,0,678174151975148890582182705560915181536492473932831145328640
88,0,12532064661635967734796720672823304765514435116734806843457536
90,0,229817100234427846397929717669308613859725967830115376705830912
92,0,4182907409863404365123089991642652086913184423973492057211666432
94,0,75572769803679984775765113449918244474504768698578304917598896128
96,0,1355488606733590559454606659331295115286977488561785154924422627328
98,0,24139016248331649619642150028990565261138375831796376781077134442496
100,0,426858324086117527630769348623546647456181307657695869309369817497600
102,0,7496067939610799370226910440998283326653217192858076168736223426248704
104,0,130741000437757474936197985674507530261303999728968983674482710022193152
106,0,2264955034637870298153908446155106735658097127758430748762359026822414336
108,0,38977674785252147852802340366671312376237101082189628182257240372242546688
110,0,666374115457697605634769129211007111846112109500558347533209002147045179392
112,0,11318835625467572575171512384836776972895153813981399724268016422000458203136
114,0,191029667927862162562233880214099949797859990075185265215991255614329989365760
116,0,3203670124078264021170488982443762961218321017693747883525575220645032460550144
118,0,53391692407183860593606539279633207020701820715870906913576945058696133028610048
120,0,884317370549924766843937121936974688539940314669383792209128686605979341796933632
122,0,14557256465499530401812639941092053248588648031641327837464432758685482959153135616
124,0,238185273562517344219054008519348359593307028297372525223767852070919512600363401216
126,0,3873826536820947042198069234680110113655451845140378527596983701293804415968522272768
128,0,62629663465496103384559309373226163470972983470234966556425984051832002694995897221120
130,0,1006603175403481682777302233213373132847548011731003539273710234214144306086294193176576
132,0,16084125210874231378446682631017418082409185285214506358088496543888722073623065291390976
134,0,255516615984065420423892031974927134583238836534765613995609343293049515061234217533833216
136,0,4035934072377366209067228166618499728804254827831189864830369303153485802995119186736316416
138,0,63385793956290620073115363916229953800685038419835629983211989730025714105672073630162354176
140,0,989877871254673362025235709359237811107255769982394213950506487979548550534367896903878705152
142,0,15372025971426087457401652141422445441774758550279884083120479495447653146447838393358243332096
144,0,237387364186671507374716793712842247660289310870972108414650719314095563146402294921791363088384
146,0,3645670996178966213132677265916916279773491190539657028894117971292873489775521387403372960677888
148,0,55680914811665367413328047174992600497160081232073209127189508077423778529184043913523903168774144
150,0,845783396562238535530535034192497644536480156659100652401668451603116734183616416629089486344552448
152,0,12777621860551632122577615186794418444333147966461163134357470244160045629205731509450221614429896704
154,0,191996131913111293878367558220171987010463323668627725589903526290095552416525501560109928661328592896
156,0,2869454345771742104223869321806252623459424891637292547510375242512515324430580494259922746599100383232
158,0,42656255172883573821786128792839492882202544789466311310675320378240245612781775653114037762183145717760
160,0,630745621263238617824268545346704582644713524971426061541762533130758237577949207950462513117845765750784
162,0,9277368581713210227385124242133590512411129482789141415339723548990643866066693719043744657203343214510080
164,0,135739038855986839975384867555397850047826517538465654159119836152287435392888458580028289841109515399856128
166,0,1975622152150846404227055499841043710826007030735618206123815470771451986408479572634893953252185118378819584
168,0,28604302955434444783895125804072614179978677855878397948036223151428401885862823374687006767601201810558156800
170,0,411998727129260788202949668840117175693743356565578976935204254113451817186359002639743578182328889038304444416
172,0,5903445086055410294783968867090113317805768794887836195304834645262325848463032893756071485315589894569195470848
174,0,84152676594089155268326272193923024234324508368282772244127046125246860387693121172466803775585680965235982204928
176,0,1193411415958028367443642074423538907385675105580453124002301510272229670591956982939471483087587846117723482357760
178,0,16837549578315116895342176755274822421453081234843170774224006651953662045798565292232664757024645001637334093922304
180,0,236341584699626894439118882974844919368200829801346032521557951628794895609199686495004124155333301162680037081612288
182,0,3300498868985996993955145608478277154850462053251921631611976791992211731384750271040834834473947484621598187988189184
184,0,45856656696371428422784749577432858283173231042124872215002937185230624551027559262535731962657490428919691462907527168
186,0,633889049167806026020439232779542726430099316031466254654125982846578477211825709413133360009339363359722496517598085120
188,0,8717991207171430570744605639418101156038228468968670536255213904534916252703912450682831741397669029493360981803488247808
190,0,119293212198977608786483765414312950532652852396692363954888960257112035965354434414102812963174292324879533130091738431488
192,0,1624106648673229206367235361239075175774661578019572890074947280991778940751375566235606898840995402394182233068736018907136
194,0,21999651822772853763925380789290082444125555676904555680475079765652931000092817651077119768046281853458961813583546200096768
196,0,296498190198698296239477838268641106089000486624095771172427862813074486447649955947834314923583627990734879351733260149325824
198,0,3975899234391064943669634604078464323993569883349159856296493877243433845559402215927902583284013986089578801495608718031585280
200,0,53046589787064188120378746356107008875279983152124374571501954019421828132856316813123240653836054751103313594974459834736312320
202,0,704189649239678718481906676302652923599851528390349926548931130076283277317156706015776214011590157862900102972983599073083785216
204,0,9301066697389310884244742427279498169462062834778627360868132286504959143506602888886945360936837353698124514160926524430845214720
206,0,122232677075322513051635822871954732273823147785756625431461893436624237186975125450244027676521459211901470108890746736342521085952
208,0,1598282070770690948660206265946281922736081064896574110058947310247281096959141001475708570526401825717663473851308877919271191052288
210,0,20793652269533103176045880310712455136666949522119790523999314024186822648721978765387429300410213910149774378843493820312889805766656
212,0,269165064535751423841813393599914951608664878238836525602012995624254488496068589519862185830566337638716500935585324919002000351297536
214,0,3466698771545596765819666308746627154329455331566702786784734871995193720961339429806847870323291298236127378131534838520553978952941568
216,0,44424400776704913776021318226696182600782818072739937110631743114295874216826925576604308335209677874983518070485984309415154950248333312
218,0,566413093894166089899716743370588863177188800375984523369056076450361774895838172419923822346615688410142298232236842781541638114937667584
220,0,7185368175416736619832009945831486717986872900585090056795253573172724358402574463096314486128068354103308928625082419849373461109538816000
222,0,90691426097635964015522517005592795590284449643735792859346728861393424790924323562648270292088848850617839677931333052402559152543179472896
224,0,1138890459919381483185579332806756512823801748336406065148574013003083646597491982340618791327244514344029837802662221630729070657314599469056
226,0,14229606251547730033003880810617843064269628816151586228534878346432780954788660692068179614939947946432394174368288669007851124705194623893504
228,0,176886761269215715503954113849269680746730676937235921474232118163942219187852455181802730695967295138065886116862776231360057700087123746488320
230,0,2187687294878104965588107010420218593976934977337618800784340526228210023817246308489109642279674332071999969688249490106527004484325092882382848
232,0,26918955598614883645833970509182156227221844644731235553927218430564786195368897360317047405744591073858992643618828937475674062824401412250664960
234,0,329540979510398027432366542075586217452061116407066261342329582875720431942069566231161582758652097220369417889051793292116423849774984634117914624
236,0,4013596953310937406601130639268959684762061044584926264009820951301821969139392132376889952564669402740318061037694265537080722888817606021636685824
238,0,48632397268639730787267555520676768034958269267913371407357495226218451762394773484924026281407725082001730858628532283461871941480574329527310745600
240,0,586245204760989112532083522183571978031553789180486265762685046822835866613777384379958309257470214755724300398003647646808311187657510592203764793344
242,0,7030535165008513094280009514924457699295665711487563902536793252006403835424133335235381646188912782142202768805772784435949022816063639551234472411136
244,0,83877660194471218835935828143749751836162650454913954520578242754576039345993343169338197754319986962968390466171681225966916939134788408047572954906624
246,0,995511059587230158884752600145905007711455844185914590858094407551945342366342354231194364608928429021565308733402285105601471266497535356015910494142464
248,0,11753856480913489417346892014703844961980937628576165411656342631719157284284955532242514927418188742920876992023358667447993977451677959105808056537055232
250,0,138051610007349430502563663090734175748898469733842646642728951381346133044122969205928155512155967155840712636899970478799384336816441133862796626290016256
252,0,1612951410713840168333129754342719383635179460721710356338666966145020866308561782293219847864031321031466842479141152757305103435737988093469851007613665280
254,0,18746118592709678109408864685282673904503410808344311248748161179003113209851697276920588928334991699756666227936371882237870575376161140547778527980624543744
256,0,216721941988816421675267996594342640067153787659463557423791520776768070037885182721721038607943736097515129818591676100639490669024180000592557358407250608128
258,0,2492221663543712788213121295563852221268353004788642686838812296648788430084257219583103660586322740635146097702666853197752420244535260856980727761066098950144
260,0,28507107309882342915332402159283747982573606268448294426854230788641760665587448789804957468715920246944024660641043760812171825295028914585064752559636155990016
262,0,324333944756539900271445886172643458938337187122241836995673389842686810414942969301732806885811469806074882095541151511876821183731212125964691912032965391024128
264,0,3670237130949038891349921418959060727987251125914382142607020450356201938858496336741857387061618727836428393684629167817120644182862945596965919665710323757744128
266,0,41309280842540280127475056431378599602882001424799454148763876979280402461396474488859835725833282174537116829338477230091572885362715352165529095777863620041375744
268,0,462425613918378433732393363660333987272062900621677042763116402404147488305330819859332182408944281401226788741858522319645630897216242880461709715229639604785119232
270,0,5148318885152961766830019365705516953992645538101697175045343793572100569251729059743631067228024582444126055114448128111763957302796157793187866956019714652754673664
272,0,57004153596201734190017777542905756308536296147352709715324976695240241741636501963359081738543967348206274170702688142033253814602779803471111785593555573524018495488
274,0,627701095394085571620388415654802731803978641267141179610245101563638584287025381739458037577876980744507338930580977382301325299024900534754655098635167873937080057856
276,0,6873723084783434148972135885666124020910424769062269535730237886526079333916906992931567446527140983391970235711363566446432440568882636306136193567521355586072460918784
278,0,74853307778694144452253769724965220698142692878923609720618134546381225217398940604553894133494136047052707446379498968580696381303603574353035071520568765251978767892480
280,0,810581070243994525701481953889860598760004178200460424199925594314287747939712907840776264975458067812954391085991691641948478955282516686277790082608391330250505853075456
282,0,8728401386781695550453686541438208682818070236953250893120967323247235862554463031996684319143691246827479196609776195368538594899079674610224531511525412915650191551365120
284,0,93456963554118860339438077453240588161607769291919989944722875263118577796496730667401414174118042591407644001145591981624371418894471292988155170661016810924735471040856064
286,0,994976578839009675712658271963544772449713496175614902315475199379337254421805406476654634955685593547398960033989048548875588655982066747054749032659267627685679786939645952
288,0,10532305056829640069926218261230060283528314516521003368877012126008376238376275077163233579810246730656578045123234311924717300397132992167284672145356888932878568284036792320
290,0,110848071917215827646434105814912328658934192686187719388397882471279575865657270223942223606697450340546633346031248151731605726100917671194983336780728235334006281688282300416
292,0,1159875506061361676525055791233210301808461595724007208587370816773801518736366795299452897478359922343155685253684238592968981762386344937685338615865338583534609867027746127872
294,0,12065827829468348461286025144489056353484534615134226645313427542784224038180482150726527398881163637698005710173110722805060608471805816882185267467843476728305640647545619218432
296,0,124781152480903592034174663338723626648121599363180926685997938869440888361790730774528225881071045221818236001533187403933099337184703732623498162515036949652083450924169070379008
298,0,1282833248712873439096808496389305476581760596845482892455045396289467490520335828153973711567855498000222067198938426584933227267193329718772034213743364485022732911625081905479680
300,0,13110027735538694269893250142929624687241138198898212399720722360626523943283221791065045023469065466836184524627695162890643416373628722313314154402971132130068442392951547469234176
302,0,133177745898354660016722231846267286960847485065703504615984675308486993096434090805451381312085949180723839446074873314670864796719971231143034969586588843225859287651201961546481664
304,0,1344734146404118740679134429374762322861276856784280691913512338729377850332609645017403065032774985833433537000442858176829187568287381102753001096146115892918790758512542477340114944
306,0,13495830835157694877565970680448770678885216525319884449587229801438260995984511995045318497113257346995118123617237825386811503911168027884692505237025016131554291149304434069614886912
308,0,134617821038998493917715226699247506671587655088599433577160176837147143379290367556357138481381832644191310384602592024645087010073286570382694759994739034533185776991932130349761429504
310,0,1334523316138761204776244663620315996561781110188244536720421595663767856941151770934368271989694708711494529273814710034958213018562717194963426424540724791461042339020153517606669647872
312,0,13147737353873789945852780953311370664571512056404963884774381652548865008080065905402778950173691557364528810205219243896173974610125895981518352057636669626833160062869210544755062079488
314,0,128723343534669176487772869399321691455658107062683819501450094056424276928430037647255414706329617243561456727537327812833748482113406309839448976686661465393887671608892949099660835815424
316,0,1252347538110429496749856483256917264758765730732060113366939291011763166551708740229513986027647718771023062250986146458879492557980845849798631712580875656514470653479882590563310153760768
318,0,12106905185934901844935904700317968164421161405485339658666104217751135899919909271993864413496335956261016028681874390060298399894021709281926821644690062764695913807082409701756280917458944
320,0,116295050557559503536403691504125752624882935937287865144342284467567547715276100703403557815802836491082266594641090127151235053721359056970673415247286859640533063639599656985015212516048896
322,0,1109910281199596864882463801487876695159427382405009209387682264349654738015219676434803131189528806498082505683639483860774520129587970542865528813970781536761751251375270315511850726787645440
324,0,10524257135613618033729733186858560353561565458326957589651872202844744585066039293484467146482269776864810062477033876681693761392002304672490987082052011516442065100330561888663916577569112064
326,0,99140245992447614268928738869979325808764113908004271993562730832907112182309096523904068947384615122216543353732026078642775324927073789079583594346267075580734317400613912840867778485716779008
328,0,927771838988836393825316677177725866146651937526814452083937777753831762956693669583762382344955535569515265166238250581974730225660349822080699649654502606365672228530528681151460084892573892608
330,0,8624667865053252159001184581762780011967190639203617273477210190480708270524021130750281287427368151160532092651865507010549838833978635431670780096617170710498872291408091130169276694208729579520
332,0,79639877911024571602459744867254418311513653517827492646654623184135159234714502185243356084899703860392456443219183591565190304538674413566733358729731073214559511968947372769740943461284875075584
334,0,730436539088698145614799803074604459889358847438261080035705878134377884100326276586586517171456428508579253224707911890546805552905774923110912529545199807680612797381924929734140383276826758217728
336,0,6653872229824548966722074858208789421397953921770077155694142213707956798142507809248362918301287900378116402761918337060673840401448771603698652710636793827612559496711912393347880078397985492303872
338,0,60198065684101511368688973054002487477231723711313591798907176696862126844350583079044808247192009388075077178863211309738296548722105581591337545146016589463318967222231140330634007050652236875038720
340,0,540857019421973975863425467272785917593460020671257995915388575650974088992884131261066948436689723860687064536017469182946905947787042097552398568145393948990438771693126420986684152864614083438051328
342,0,4825582017113136171979573628122710157010281395469413322482666433871735065337060279148377468126344194918680373686876918088276284534033960469576295408804390896881713186777260921923575070385181102660648960
344,0,42752289696277639776548920886639223056429804125223160044515960403099408410523607524424193814383277640634614212513092097659342412881089699947434912764699688672495457955449587781272719516519001377352974336
346,0,376085309823243636264345807629590816729709272284941236391731443656347305001295925304359326792087602077103706405873296663144537176442685551575213013664705291957887866189271854100841602060985451930275807232
348,0,3284772247160307737316370446906643735183980325326299496276401630220823331854627999866240473651355322712547228332886038215881355612861019521405263020411519224916497664721855511332616312506515165091261841408
350,0,28483304958267685233595973845296065760920481031782798436897597089865429634512130783716973000414724027185459219934344319842599045789202340959189451964276130218092472658958805145603504008331925869312310509568
352,0,245197356425367054307693631293059194934811846569640529748288182540114793036982497734143578706938571910265584009798353142326964363628395957462577283532313479762911537229377357106477098853364839944191687524352
354,0,2095343777250668864065995518447177416441656238162768537123706649282757950516841878373064359912451596539309186071999772022784938549649879140948236816540031025288591280411320683671397785045332885889646321467392
356,0,17773888836841273774913067201151554856072696168879639316803287646503714288841568777578802543342737184684718733113842640593122111551702937872944591277112428769585377102016159753975458931684694593389512204746752
358,0,149647904724598959695283902671233335920973790555206219132563402797533575589747650247398629581312074037617758659872775115203378529717824791558158655259020570454458512167417187830540458741773985239499757240451072
360,0,1250526626723452519235768934375748297369153975375877367310729584733174737239396976353198168581790915588122396337055598378018424812511094441037442119108372182687778014518401175207941584002610917594442840504532992
362,0,10371038995856909880898904132902117829779926437714577024120172111236273787441851558537944175353722953895503664446535122076811883545468798016050805672151991580575123638961458400591879531344608631063497004214648832
364,0,85355459585701221809606980503600777351392593148388644197134858996077215409315171847362773872195254516275082856670273665432814399389026616679401646630712984403823416089010664711540051560859272519168806652789915648
366,0,697095938175933490801274611329618801698713158679855719953489779088582799398451851739687859807158841425885771581910132031639122104175618108852408287943493958491444242808751902372412713880620668864426404587105157120
368,0,5649087671880742564267099191281991350890505244427051015050826276265058136148209621213886829814006599455849179321787415618648260534738117176816582831753978135262283051929713705938464911272827648208517380647279394816
370,0,45421421186620484269585387023008227527890999598021504252112300064332289291495076465536521159641732443367358357132373102136250190332427189473237367644157546992180031487519703434062559733624751818843453369490872467456
372,0,362336192619129684972595991636651336328217156352084223024738743613980323867857217500269317952933448832493589510792826348583019015029954109875316322207201795657806563366808364544416481985795080268186454332301918601216
374,0,2867497819155961053972487748706689542762310545983341096727637834484844374689766903687666621774564678318443175343252567409426991182444976525118543208733789744416757780552769406642601292404357620427992910619612819750912
376,0,22511606484917481226393975138064883792475430934670614801096240332121394064790389077499236934619460087040226471895968245801217014131379517072589673790872020782777117254664711957108778068039545706693903269077644830834688
378,0,175304624578046279621609043953415446841422930700299293956222711726262298269834581702554747056094987335594769663588057286010341837271841544640751299509762468832334363526296786091595890323462050944302266974152196563664896
380,0,1354051199357924772609769054405296363867994460468562678608037647193615114302331594751426106599418265655751636662464435250473624646277627768666367595918055451652814995482521088132743260988575638959996876086289616718528512
382,0,10372962944166535587956325020525350587702200487642777611120091019886281029127800682183493274248852728987561507220504859160294937898962774506759905279741788228254673005653351865450648364671817492534045610637471394297806848
384,0,78807519909402259922090123490136359191316148424763042716136683934135362167508718597005044146908879578924566616855884521746751401862380305873448133215823922867735057703683037923741138142593200844010923441202522318677475328
386,0,593745768880628975139620448772321408384862492887411820919038903701399324866875933171416364827300794790295729864506368051751982235404420672123578412974950730283449923667641297019985539073352845031766694034549672582404112384
388,0,4435802960537520265190367170264063923445441022287315255734305568974052633500212357765119255389478508046936400701814774718752213376699355862341038319731610755480578423192165185846184924776764515625126083037685110794377756672
390,0,32858937475696843204572086112229075866214287496969043639040978900142245220067897272425998203341851011811935446901319222814396073107787768490974847352522827918865578051409265726280212175298747256917786673227162678461758177280
392,0,241332005389458722561075054926329714981922737139021795176393792048100132681634169281904119911908433677557997798611442001880490527041117979337665483606475514106297306297800170983332586241114547119803410898103794516033204649984
394,0,1757223235973758817364131836263195648561303367704618526953912662859308340461427093269467982192074801413821150389923431239720265667668245304626282830773504342540742741038212613906309629299998675296550691436096373316384366526464
396,0,12684107886490710884270646079353651277239800732105396128229247270013444771338828956064442312514551109156067471485707051227064633687437623286690793227015248383892458165833698129218126720865807722517394839343707695717066811113472
398,0,90757839452814461591616242978762057611855563186205554756845131089144757122758427210724213496571394625469457745076533637913991940564824566590420375318656830547694607797055316990277937654130131032452586075037499454107258619691008
400,0,643679610097243766907472271566509306452379818465700054769278730604130643945473438554327839303890303796016211863753436984048784640382611296871296225291301619918777666345916175768090780483657621047409394670784386387394321134387200
402,0,4524668672841130827922623435908859868030125170691064514021269303004615509011124502917924574854911724535767637239429639793601501858440338416387423251191461329406935379760210502324940984786952924735684074110351749983527460887592960
404,0,31521376870052875747210795936401802647338781812097608071994221426862619882039054965187019465679059810410621068713116575984853154762003405520122692280877316754968493035956937437375914497008474284313627753199785534164142714492289024
406,0,217617980191233678889880702048139142480205430026498628700396539666877862615589705669548047460471429568260532031536941378424776276347740732420327110782147075200575122910739806202225308742159524328865158985389116760929821465868500992
408,0,1488762067586858521341826209601134377332204547385957555159777071311649064750187836513475550287526687066249745852419839930663349778015812475982079455111821883444605349548792472003821471173824467145348397092640789743887534972500705280
410,0,10091747002752327612271155437911475988834490551252877116718203750444206813972774232128322409565913564791333911581853215334845372055300676923761215419826649165880874294988460967365314075663439335754106836331740464354715379153057611776
412,0,67777798442474165367377999978571492558701110536605520598577401311133032625580518532377409239481426392439779489124697780335539033427567231392357531007492575224912701983494476621390665014393014456410653136767870410945884417794288648192
414,0,450980740873451704286873686473459307221612038301169020786560648472079519612477077608617543125521398561923268099437182547822105266966031034869579297351219585929682622293701287864116858252951105878544139900417874137139182919270136807424
416,0,2972673695466061888539829108950329520247335499008921282932895565754013939224205249514973181449736479461299888111853366502460230973637155983889972533649037925512132736872993773461088255550753118005703503407293617369958132800721151590400
418,0,19409946701391165970909160352009095446061228130700406720216694755547503030853774864677852500145563316906801522601204584853819602621518947284453057568904446648032228541096029731782218786614478612642858122570505795003976436871914630152192
420,0,125533122125633210441573008039694449152618532371793860323814565157248762866374783779967805433559401028085434219239800868353731038862148552674299070348513673426014928364703642308053369172337565081803007187350080166827485461850740968390656
422,0,804114881606955546543780979500408034016074724078926568710187580535675372440128586918400285168126164375935110311828994310592993803510155223233393391971067932530767657011632813541647817568212267826116263615120185611413612668429251041558528
424,0,5101200739301264292778823189168148329431561305702929212660294582016653344941013809479945033305357556890942881754240133116291715356636857908380120618249837674355963006993725774084300352852115501721568787794901237431613556685521200179314688
426,0,32047185741380247956858963943785465449167641377489056199925624023102407403672123010143058757248560702504623767952538406428562740936347497870254671230059452372042308898901857987581935826115330688563573607725899238005275538153585554405457920
428,0,199360461436491933736132396728588498961096439560761938090282048380202336530097590228483805799160716004575085297042708491124935233740916972173729254577139483219304350817874139789388177448918482551273808946074025736560578657238953972945911808
430,0,1227971090559628295674957918930320408661305377705818744563698095612184126944410323467230815556515886482463878643299399253886857695008210658608831767756379232941229568853068676549172236647196598563952460507684419342212856096293174926372765696
432,0,7488682362891250480392347813132356917023349620930615731209982644195625114099153718738878993204560838647671452160325382044054831407950660809612201826474237002806071260712511673071496560298669701423088950173647121112079848965997985542153699328
434,0,45212533925160909080121739389062486531028724177655389057963926510526236637753857855428602821250042404470307991205552007872965929597384734746811439042417166532365841601899648396199509452209626946799543746574769141953856267520393451953356537856
436,0,270219262106548546105309345830939982261549903107659321370667544866815370776544961372026193662768323923616715896471716817074081372896561041251132313247745040071088496838745114424082484960738642969879856139880522887869823004649460076610225963008
438,0,1598620783331227490590478938846290719443388015593855707929025052629744130021195256792347852792066459763370847944123410991084538859457078150511105326940117757396543293504856834138364364614712832604960724911968448371753652503460659481643755503616
440,0,9360817966433699660415708856792438772396727007088818180984585244886722206046054434391050185668695450635828137810236490597725073956087255518100577348777135024049333531574063527974598997945302811890223587772873842962957649776484651893536742965248
442,0,54248614947736142855280694319077087371827751071657482357852329548459299767191556911731582364495254809201179966547205650178002734469328666576606181929507715042317260596719197356957403105376521371007459879133713398804938288059647965559833201999872
444,0,311126601645736332433215783049589677486750169367315846922378726857897013567163652603649931303906118915659663529913258804244403889483483896038842910712604264463821749890426082904876127905931385921372612852759410357827348839444217598344487784939520
446,0,1765737763401245701191192776332736493476624181238701320593297652142965499008921655606613586552079076403365630899558663654855922247700966661289094616268564106398677300690461160108228994446308320798168608357998986324470480959466132125121622153625600
448,0,9915681485035834003498483488789467258072500060155486367096550911011545664880858867562146671885671482927925003411585074876561270525015547594504421680022471029985715864423325927762946411466640628280148741634177165506297253069376390708865154064318464
450,0,55092535751519857225504891420311261252565860038502288728304622783043158498395596701489992187994942086912130681451397997831701838360686036413059738800786163826905046720093432446231006989320327812169814345127380936300593486129569772511605211015413760
452,0,302832937337745378048043300701399149297580864424378621774361087097332115368106923569551052455808167787512314945994084797732382404962300977382868293865678526413622684152774811108945093834233311655824299707977675645960964173482083607201762462494883840
454,0,1646719831548224743647815222382990128707118349842254000977352849489369864750683957264196999975171578662797470124167607193025897219482413758741260012604143459021267496887891556038798902994206806782620780599975150838801735207113263388823424340401848320
456,0,8857445171274095466882803428239943173521054966729552784590030251164583631778708259157005662234877518116686634153378680240468135144920316691301675791782714930386051789845672294650769949013501864653862892138528817587083407174772031319132039610514800640
458,0,47123229816332184559979721368326973064433278620444272091277324929612688705818709758882981628250600536985624874382847936951128054918302648799598541688757100792898578154884759006292119961403967488229798645787992893462697913192888317019321922338095628288
460,0,247950444387664481398872004594721239108315440214588195005927760276975517625259041285658229205491805453026142842941514477357751948067619236803330861430255450813556242735119764187003913909036195827887202122043211110571950306391978725235818368780652773376
462,0,1290218356618953936528106966046463352310136881469249360171631187868620012522997899075124665306797420843786000966462170758517535724255686716994051965270251911983195032661297696605722175241925635385050489072437789952296602720885670779344928139723526897664
464,0,6638883006091458132524234685986176367066936489305933944507883370444100170412638912239038738223754056989963626164643705534342809200296077291436796432254591792165416821659198077029375982337075083480071107629783179591353118604969935998895052024748647120896
466,0,33777308913239457435016375110970640336018031635776612434735968695547792781005120122077633189598400079117621228786962450996622414765579241422615032010695141084192163720157885268395245590762765070216796630527443074772425255002729429159348841293388839911424
468,0,169909567163989320442091585730424228034953292536027224616839866718656203869384915500676203164558132286351664330939323202519199445522332464401656771815508192118324231646298536893813209257224076237877268224940709616271577252782456153660034800690239545278464
470,0,844962959168358864546720245572664131475684024291522186645481891313054561378034443927208777387259549320155399487717158674328054737953377692261086616229980035073551081097992922310391062951652400062912237307967072427434858935133384919116502898134744567906304
472,0,4153829027659565478401017361063623915693336141034451710188678344776194294293508035206284460780330158899391208056488418299324195103257113660451090752949336585843863833804394422324576328138817775884313501745018418432828168433374859801113461877376870885883904
474,0,20184337335083304203809161028701111411741332769510534891030650663467182569867622139183349825546605496515750542207426392683207623419922191402093135836859713065563631048082667959996059835589413865064996422023452556134373199113747673218548386279494967976001536
476,0,96939081274469102528891828670565836312878320509911050506159692531492011703501482504769131945539090536207993247020934205691012363412400647955376018868066987259364573389837448546299235346950478728437244566298977618456801595920937051995767438788699526348668928
478,0,460113724306602547421436275084802786268439361300895814351007238432694054592930663085683357741612422797300961817637806037950944408954908101450983149461667755660439811804406339936771387768993127376233628458004306044673283012282187397287290375405003405476757504
480,0,2158124474447372444135242263609169221860933835093284486123794154404898868425076475832638806522100337556226960388274687465968924945418211134423470711615420577857935018970896303978773128680429030564897736869915852492939196621160529734142939895652207841201094656
482,0,10002203999978497522167617736500571057638540518320697342038282050953172747985155689040960347729624954625476867330647865768057691495648949777939869125632591168516096487506893898601620143735682129163075350147325948991570833069353524553125628234665055779033186304
484,0,45802113437276708911883474701874891867271232941278670533691209131001913921184337723681452570802537148058602368471142042391976586696784385679339840355412059261862381168958781218884883068511510322623335604708513041556668060736334570534577655204146334344794865664
486,0,207208885312355197360573622506827153634641044610025396160167890109336503614100397229636740243214041190232823424197708728591036227179501112854070979224326210966049873880264719136700278276027426601903075562361778408038457620384995220633500729125765739390655528960
488,0,926033105965585380174667435773229702943389308281301103302620640667679999064959195808254880099264166045327445617691333087558709647784402846622149632171881247432726635336981400079348752602158404214614205236065251412648370267918017447334151293698266605737205563392
490,0,4087915931128437298299834610034711248441685086922112041763236375333763272998105679089251597112682963263071279441524453979088932525958381892491223830661219402385480552817475874017890163200142188417895136076690186999267089565118544484148292398350991786418848661504
492,0,17823644639807992644426686290266949988270459332214894954413099990110663793872853142606955489599478521811345693470479581533357082868232646149629733275377859685478624188693241771486215159827777146515698269907730493424721947344586544759549854686328383761300471152640
494,0,76748835988448713579861484988983214976587943983752171536437972074861054109154087636288279749279708653003876041327093288030048011327925430726257380470974786981220274805710874255690866928181102983523995278484517816528927769245009943228981540479054093378994950897664
496,0,326354204416483751340555472908084659169442122704594199636165019163717585956081196634542214946067986376558184461630433771843998831015884077171045722334983483255182034703437552452983864359841858990017987314445267626433104457507732690485663363956269926932962818916352
498,0,1370282064080101603367165780952154794737795212788402356763554503040521622300727593229548504962792908480010196968247350026738166122837081328295379185896987078322617163188831440595419043833341498608199157927493465814717657216892122788656513565946941494814608564682752
500,0,5680611748220380330700680125795698514818383762390776817270762829286717447256308305990163278383706018058204091428733049376427145947907752437979986075111067018424091771502677833390137129214610223183921021610035137260409235656733428562408510960383395172654973955604480
502,0,23249063340597168396224959134454198002313381882724342115716367141257725103399810968487255643798597763085919564176017408353626455135089360400935925676344379317502424144718303287331109945519825153512383096477979020538124169211105325042242892632054132449401044224442368
504,0,93929433353151262455577487511358570220487799857394448448411984115306183283845827069054001042472964126011527441371615025951024982565138201647438443579593803338362609913683114269375201759329191454816700286685348260474254360639544631715309392989702862185718588060467200
506,0,374579783154855741557641739507918784628716540583719716388552819853136811493743056243479242310719189463343022865941067303154262404918753644287458688420424123583870029628170374856832892502187876722303134505650435057583140293629506738317774829764399455253800424696709120
508,0,1474326576139222773155472122378113695165342219157016318295606603155224946258070025921974310738510801180392384250536758771824514391631296896702850743314315228052550343008577491329961675248647793426234470355558280052268356746582718403118501572489400756909950392860672000
510,0,5726772968555819202702069181143892687763771669050789699631956450700918639260276545615475141314570856555370605375644373959703267256482977150489123225828831579825877359793560360580919795863616543068648118323745595778944081989584584720303841010795096080039420729887817728
512,0,21950943107753341166280009863719195998160464303451958529603854810725314672273844710773780648729457182154269426594970482571871447006416977570000874542486344986091534878524351651840285828534950828629311384961531113486207775117363085462028073820239150861350329284883906560
514,0,83020097354072477924864939072765078933038360737317239514773542787994207677691085407939203937521807481663519725754502600128594766174039554967745840372708265519241520885428769607509847598975367327527440802198844440081566528206704984294097403240768582217730182329388761088
516,0,309784641541259963452147766954300085811562704114923059899394381215656651348787800839107536035532611157209230551434162494056627073749632788802115753955075176240125217346300427772480378493828572955289647562876158025018422256355147918232090807897433898782302378160665133056
518,0,1140362006453237525857968987483003034161155983150435578433144777924374688286893651692598930478616292801319142939127291647936304473301955087527767641994521371797198192418959896232302169534363009977208722718789300751972857630187319549724480639577638376869262316905326182400
520,0,4140867230091229322249267513044070843203528709279769238829915770140060111688158822489143172326144801724388776095218572035949495043023418516323031718997790837544346166321041227980194264099378814780020236335054349165244599578639816940090440042453048714811730717193871032320
522,0,14830812959707562859987689996672251590186393080821453905616122051355082944578020303193747869880626969295995806305755187268365943490793859349002108995545615059997714987732944483930436643465456009039999605502543275693443172292591057979921665980749093302418958871922017828864
524,0,52386930827865178443181064867087133738767202224436856693141327041505407582156946225062343575627371724222199296195257331816974252634171459990925977113683968773600917824431688025135613290856327948790194848617830332981509825423327601651198882548623894877668101514084845879296
526,0,182483854717199288803779437069178701538252792751183495798661706980584589435686802768084938821951764933630779156803002014578592663832285692728758160318538031935790460431409164440209315290478970814330836390675863986523412106441267048417899213948834367058329235984593587273728
528,0,626799251462141439025969269355456563205511868590809693149508057265229869834983775683355528964000377518758851457487463588902446330255233612939930078753754197956418704969003822635703234703279529748101240099925263364931171952820655739176816004108221919379392259741320552120320
530,0,2122726083402259358877033937769839914741887355396577115359079334473901072130814308909667263103446639118391274145613803806396307166015023220174075205183476146065495033502477638370667826818586728904621322020083367486157039434800637807673310578850121356479232422863902955536384
532,0,7087282360608491794322952035532428870912845008365062327564206172441194178672078110358537928848351802444850979321532948053738877985377412536044681222314720012873579581505220818277028061470433144721101421361924868877295451990542098320262484774419468261880721576621660105080832
534,0,23326228757914481104455771567586166921545986823841396001538723155220197054726294322972842688016357229233782665942980670966219768199324980330836562855292231657126093999093329523485666260158900486363903193571988511147961519847060368183639085782871769780975557065237506820145152
536,0,75674047016965988136060687394726652498378612068336435891775935030962343787064118682878478848205349238419159383884576775304767656085630149281895381689949197054370175647708151451165997865522270025439612568185183730502673143411742724903516836444123946615668352909566136838782976
538,0,241961094521953054777689284264713679065117479052507762998303780874353050424069057256712060143837691762480814407929019065147236262190618879300603389158710171635476701580055423219259752245681597369083464888737610992744449868393478601220985770641534845249267748376690745940115456
540,0,762427719040179144799208212389035296626032505545143364307294620496976268221365985674823873931491540606574252141195328652803952182936104906899079889280793853273146670379378252282459354750541524836388877784797604743789489534684519656919413541970387241049696537625316501955280896
542,0,2367361973709602252939238057437896417636727933690478162739131044941020821476318180270410053620812174624023312279639974055278408171716846778884753068676649998820479350510103644732968331946942999190107523384514963517229645273380487809895504368642872044258066422825584680444624896
544,0,7242719928759076699098422444394387970917583415062416265949337714869857398477094275038130659961500070781518512050867580340274189363079199941029472783492388949497917081470361848778710605696246167021516352506258349841782802679486716529247027012444768970698350112788413438526226432
546,0,21830707439523719129279807886438370314373508460739542504506871701996087536609215650055325620570723544753613499119937405694976511708658942986458385259446181807676789053222343263057810988826607121221437393346945727740924250658202967921634060965485045038553358408086315156398669824
548,0,64821779922229934011574922953714983613383184418151300622089738090105758470737041277650083800086364968461099646120317954371290933075531464321821425303973724291790661170530267236376485759241745279883169225060732784873136679613241476394937572199371298081949366591968824313675513856
550,0,189591521859218109654397882477412100491905220682170496417080428401556684953725764689373345858204359748044087178145621681581769027597214697569656422213684243687748124443822335665432386481129666998024532871357395473474899039355917678205577280423522108438861113871938039926180806656
552,0,546159305801358256303886512715020779169329153916385917400034855448281668056686287127597314883557917891658630977719236240782115329019319602925087748564496148190550106260546006604800746384974203254307997091995781191868807406978840190333982469852955936773897000910001469296794927104
554,0,1549457665325935904800898820859315998936059399289740979803015999767299011655152646978056823767478007899356369885829654990228214976139102234277686475097770855412620023504361774833580141260674166038230950717045000443399587287534895020261970619670392942927333442668472868369437032448
556,0,4328698713228589036760089225298061684019572787233469739107832812433858612187348555742528916171439277792150810873487905930386396362223123715611973573578636004848216898997385217795074913219866044976468223548889552622935944232536261285447627262098804795621732105090513545026005368832
558,0,11907193165449892378259875867903638510782839883451496687426391615018918833688355128152637767977719444776086973244553584904242613331704699794913003336833165330787731547011239294863374331957323781223699355982976936229091606907767500258980318724816536191248830338966287955154368987136
560,0,32247255646816373853280682233528234589517247984681842165132873337057799252456671874184296214302764724997626023585929374112782876827584072299602819353703195309579859678768008803742520858135042981551375393021286483986433785827823463898437466100110237526796182099181387246561730232320
562,0,85973409136621522822695451102013614321315417460440270017009056349750660997188490262280143055989481341396882675528859547805539742639912390680722150942483295633340209783114625654075589157487648257862348223243125703025712849682638653498760642688355016563737912373145539683259156267008
564,0,225621263275471119671932827263413409662943121533066321125147852818831714224706382785104367892020577307417373352156288474184044031766439785358977992505637865070248050841479125744361040842821289815447358321716960414145554217681005104133430743174402632564494094311494121221447856685056
566,0,582769209341399887691513157718640965191825851168028543022540993734869140477365468833039364986070199040838134248787757528748139449887509046147941440417820693755059256813392774733940580076303110196201129154004626549796138698850523859742433339884085482019189023514852590205706006691840
568,0,1481391264885550741709050281888423169077928793913489143501254702825665661215034665522635733455409904912499960202734626821916717691558166299116569728072236479431712911125522361555883014778362700214212793901229380669426294420185756269169775759147664460469180661749063111820720690167808
570,0,3705571349738230302939214263946688254855364219968891389072216739094127698570671638936786159933322530621164855339007689795087753671041683005055783946952334182011060127404818448415344065454382590279722838125250576898950388580814592930656131360571099939137079717653185724230035834929152
572,0,9120277883228813616468460627236077677061353509502771553834788221309618175369927581533082568387622184978580837630128565744358880565223410038020712271831393664826330159055805299406916126124173471746430105063739169455235323848975211618932342252991508551045631318920966806988471400398848
574,0,22084285859174436165028633695988499547715909873290427380301046414717248714994796223117094090143111171620011112656957632651687388315874626431678259177736404241471302117369508874451489039657895445743739206332447445374229164046080762435290118673416108248842233323651511309232216263884800
576,0,52606033835414654976581357493097860678225166130277212643241609568546148752762126276015357426839430712065496967443867642579255099924823774522481745271799581041114419301263557282982366817089272050709963289434992654166382204745457910009170817201636963703035548658755255426395726696939520
578,0,123259033166960007006855045992939096798351783048360578401299003651059496117793503022776210635031720140634803355232064878090145048070581559362472047984727872735921402708445273294312990315509469062942043665814109683245580257903444769344396418792393299818807488114688961459745748890419200
580,0,284044625429555146127004031671589830507994113605443225387041545575218812094390609151186312301363809676566381362440282199228418357205235265292169899218871565204726200355746461485364632313393916421420159253362683322906261233505831464937308988598838342822328059688574630257706768307060736
582,0,643712802902723009090375784660978235684590746550700643740100376422243018435823192300612550331315227264230598585761857884213289435886454021713701584026092223652354873372305542740499922601870121147875496367306778664807225436419930850778686633957942291118133882366115657220852276363526144
584,0,1434458750532927731912226261067397540239268888804576661932540949191179242378299036103266600957713511345917606175685831573354636684467329090070175329212994566485394158653128044777127009150025740461320990816225428969181161007033363833026332932850259687034599927342009589954684858599997440
586,0,3142869501973771335112177419818032497003129688603126721810199777400220291388454089794477651169491038621916660953893175514611780143621553878992801003618492200511546208461784131138460531525527833156673163518715119103206307153397054142738929280873151409594346362145996967157039903467896832
588,0,6769528263577046698425599207691824593484362763547798672130860144687791500306059297076067869434262652140832256722908362128298563676756257163983161505336799629088758061842567027088677626417195295473995961888760803177562006643553458146358682123724642670542020728830132225690313078312271872
590,0,14332930055891434581750924137457959036654389189278241381980653505539885436927013012265152796947419833146081537845851213867487482833409751190750036997236103404366649328941694139041075371712072748702808176296863138388337960533067868639621055589442397697540777708824631325012474786897461248
592,0,29826762522612105851128421717067664243192441721265903980986840029034884246775942219791921120788486956988654904583712690529030896451734493022288851517425236006223687548805628518857694534597550792835740117832290577790358927142620664025635784662109035005239622927816098051058179745737867264
594,0,60998772796074046509837263895747724807501883304879900801258623382465512509443793570599803937621325130250511438277119599450253202242524135529790630982751402308218264429491143879863158288880189339056535082008914441851723663027836233017728389870809458249604429907674030463271088728173445120
596,0,122582481630887511306459867588159920171017124720119787330356823869076965555081973616551904186560583457505575798245323683225135584062536963025067792751607080766893719750752297605441955914455115864532729189364555049193846049449916246494415413548740178462786456638217940066887336754694586368
598,0,242033610009117745541610868654379136433183215850587810743831580824077092619347111823244403670311128749396077325994172793646215952474458728902711197390200799476035324151065637818594749923858572929745653183250375945262259999519432871470445957402748361395829030832799487598874186835059277824
600,0,469471920999760578132072457134015381735220353645990473027108030713955881508956765406959317086788976377549485355242474991422178056279422949502431892240111290444935423132632473434889004773441910347183204175934360328709390947071247842124040501950671165899333460192742746937610836751127937024
602,0,894491028996855013159581050412672494344789610623131862324452860642183881652720987300984673974704364804756236938338186541098036660724385043555939454758103519740291503725556654610061376993927644024889655653334809919211950096234917615658481875047033560750122443766566441248436506633493807104
604,0,1673861421531869476149885778027297007948623849768292716781286257800704777700233794348862353397905255089184773379623272070362787812661454503893896076486188477032649708327023867615951663994596260558390288004670051293615856408558608467127349083234444073720994035149846335501760673356695207936
606,0,3075981964666486148020961984585542997305087399049052811053091137902366627185753571662175597922132631893338422309410043115638317566208385271209625446995621459059337828733613651834435511856182489332803186804266864601349530126616082923627273320312876264645726475112639310054030858223265775616
608,0,5550234314527097097394472184473645552829603052307278511073457218335074632460940123580798312459002627699563472161390173709947744494650272450685795457574719465913028018811252207493140982254147993728221857427551081357090268192019165588649016173393501905431144720678714421587983852567657447424
610,0,9832033540190666892950922494466495860224082537981022792112465799949336683535515398543545888819612332856149192757339273933312823035951242419794624955993191928192055245379534839295698826661180408198876749577242709800959085174390505233534219809504407214361028456118854855006536144115575291904
612,0,17096997223009264646264132797322050012336682091424943486356688765732275994955950408686440712422714748542002766656322365470468923802035431700009352908784760085604641225844528319103116258458514393052140423172350863028241980545776284804249357505858542943338611593275004650264154362722926985216
614,0,29179602764989238992846615103890012323267016562210953083077197793776308760863652751926031632542027332063996782259153698870786246287705472709733723532225588974766258062912317142894251388176560218822092220263825672092728419085541488989605712973080109790667552307743630709701144643309133627392
616,0,48871885626759092249436466260892225524562552568584061831730839815083518934364454777359018779310884203538339647096721556808436887224460521763499063271646437720628638808938291159913118982373012991399593554270844218230457172224831106687218708860549208073334849956848525083467553764331724210176
618,0,80314621495570691995232810857675691909555864275274856801593702332420229547999420125316380817181460836933349854569417315653518331046244594148123340428415666381233397541673351155204179156068123687169875124999628904165949117749141364840324879413701398452819631563232272519051508775234194898944
620,0,129485143281181389418747485682542846050849200007284630003177350421125589969341276597895983682574312956112481058251418776969628265011417132110331939878455877136223012578522038681561307823773596424767186217752755140959495420778536621658254909728019851041816663085195169699840992376085033254912
622,0,204770491213338041561096979663507980682081569461624867732220861032813386308288291140662172232131647522609701177955228387477933167851907303956184734893054618626826336029665868983997295790295532966295487024171602693680625108029012718895380461857633097326588348326540066859891360413744046800896
624,0,317590437084825948179385380632290398473360853117336514681731763779799318988263455135361153667688067933225493357070444790661583658628793427867136231621715576508747143877061024828102936064164530090505766877359133939660349134539295750465405398121529133771552775312922110709173451546729079898112
626,0,483001739064972229209941856977913628960657054761294676523958419964353879248277791432773170193667067935203961087759204451587831174492230218293140666803526941118466347730126085614846008578079058969086735549867590787711630004250265957023643706329597950206488007637887103624614177027432290189312
628,0,720174649365671462993917500835731326364434414276685494242607028291819707359321724448679225025620840956604919007822228011148791558317505379579557980187771177707281936019715837444011763609986559492387790000920272132733821083533052173404462359187530070473343972935541182091092327842461016653824
630,0,1052590263852431445174638805765682632288913464304520797684622111352505201612282758106460434699721907432730997429927660516343143310059993712649131143698975822594366879294912483296144112159838322811498187563114576615911696196833013412489555673620200485723753320500960566491426613366051227828224
632,0,1507771616807143796142912331423355019656427976190883826037034552823108562688443699900909913313289815363196063944633600156777383727974640083123889775282016245028619685534408385885082671492920988108078247664037632086469395391931454825685752463198292671752731273451027399226591763432424895152128
634,0,2116344953218851007296844678180945193538147812965957547041828014360562302315486916765316871025747126630503130841472506039879084932384038202097762725064860240545213044879542975138509662488033490077279688971842260146797509884802384380164998648052919970748876200127693502882785098402731049091072
636,0,2910245018887090870344780172683176284530544914696982770473267592973815413152577391528101077931269432642091502965947118949510535154788664989897150983020278245334923591329220311622019715399524185543076728249974046796688900824153416385461075143518070829805836033259749957128165105025038889779200
638,0,3919943395999529635887799632934202384136945660618046096714752341090725913744275329141788000770521605413260462427638300487790575397360535575804503723160813595832704171232254351957915035680572998520828700557550002895311725689851469546617279365863360411885861053722844749348296355298611470270464
640,0,5170700629395828131475243487350981238826533037740677060959412643943817495517230365768178059308653787723322676888634904661812125774671840260772546274568783491899675660609215433313572249962384155721613785349110723410448038006849338617914907991140915431699544380338459345554919688709670520750080
642,0,6678019604445675582736592176791229870020626537629341778053643994860771267938815881832442934627599739541835128922103139950011155443613619574550441916400022359681376952944481014853457353362815102551960180429851704172753444317610765153941386819001533159325262277133928335115486645593547823120384
644,0,8442692981479793989017685440198857947684409468495732359528003664691593116797094471618067004418028997320926472419613598960643643745035949677737707778285193818288748180343171430680671751172824785710450205502578934449589403466933439157101728372382642336808444127246035571307435311132409933594624
646,0,10446058078739404593007910249811825555460937867776306476330901731410113889020303917884498917634498295814273425122587041418292462213223823969882503835692040112029671177282713697738056897734768635037521087113581950937795189285627647286540661683427531081553029636265433262446820379445820173320192
648,0,12646250058180242935049574497758398972795522537714157338645131711845707987847049237187959686505425376451279418839763503257545090421730800533111330858035981325726559980418419542050587160485445751112515332216595154790934917491962764620756090217301463468132590383203093504090323332734447312175104
650,0,14976322686348640075166604381607477997262664666019210604788806363139661126979600381305441231353984250307093785489909568492520357721021937357101800937766265540469151622209657939121827745247843551137135481803281328420677590506195121931232165574831529130993112626785137224520187324242754533326848
652,0,17345034472273277954591924125680195923189465932045721991887189662964792217151325344115212645915167402747574165973093833944011959415566042813199735174199484109070512659788514488565916039184345893824590835584331229670978844002996992250658145651351034079806072581386497692892635320707681783644160
654,0,19640846586497629146564438793140076485735724723299672691366091091388796264267871814035229706382838582492170801594995354592965237195105799917653035891576428487559298779838878065503004883509340826148776848908806040347347168080591209940509585421993873240492997440516415605170064837564758113648640
656,0,21739253263442324751532295209095283543719194247444257080988871489387175139608379763147600098523018737920575402173621310399980554090120406860940238466775787093263207443664086722188621384289191331373885374811885065852602295784008839566489338696698892369478855135305824732742249950972484067000320
658,0,23513015597219241708679707424506488444534146527633045600511805081181080623843253286650689647036347242918927279626746632605163006597341507899457379287489368159203757981594563434681517192853859584065042358605343641028004565242400425798094455140122373073190609672316377023896840357938818245984256
660,0,24844288898301561459616781342391700571101617725100538136288370362269093767277437116357288305491986653462747183875556372557194605117350543181988520528353220046773926583404693783743904558600739705271995661101576106961261204064433696629033574978333617862096606356602186804283013598826960676454400
662,0,25637143465409298362458418337388438509714618632956842407216423829551873752181075831630851427076845191787444556088086785821936859042650738939795665309285321674738056343116841255981332540502360217138825534443519537685564066783492931457776333493518900637137775359525787099069283627541396300234752
664,0,25828702004199348043107599933342103104588864204832586762373417554897027820457848642417339918029337447313604367825360399999573428758560842773320267517608711341999782673439542345346234682294039433585454043764911725164846928054903513555184092681061618272738021382368739386104824387701287411515392
666,0,25397146722748132961930832921100434026115253258501836078443511362176098576993174218347863045124906552204339831872277969361460390328546149831387645885481879770747300437030747904003839459934069663043868245720838913747286833901901501338883996706776141071510951584433781326175773226777998335672320
668,0,24365218001087450967987704286455113667095034212925882378372200790781434318649401249051860723901228639882550520385540656835750542782442681900295057361485861084260808356789521317276851151786794852421067416536796851128440709520110401222952909474702375527532534440222395815294428448565789307437056
670,0,22798490028962001587646200945436068766663086227243237850198363795867072628719116818170002105005448385074217681708680495043613189691435367270697547883980701816595837421296735125455581624059140602479525874299545495686605796706694558674079489227565203425481200445665022067772817985100451174940672
672,0,20798548123150780708410682203362051399042454955265818873551836419562151022537491569771660550159733642714315382765278107314005949998013785388703916730884237057677458080484967511433494449070589661381832997531327985566606880995472791217261896571684489673227706025861616529072221835676351002050560
674,0,18492038519039275289981597640118628355293441844029060902488913774772879296159994632561170648106477002413212028121749802993270500190164790655999008771293281487283672715741236674672809004283506664484801262431501230374663603928407870415808331973057548693173467490503923225994079636802750203822080
676,0,16017235356356734806531206307090414419558340597902300032108411141500229295842334994644810523079839994739966837370966109592874465873490851412105604555155399180285640453448483743512314330674335274479356960426034378668525342727981132199349009086477584875918613797905441802704260236382327611064320
678,0,13510128185514988345208335252976102256830997990688485110435100234616779911502692678651296125741519952178304252093403668066882883375170922131703854479950509594856310814135908011295814262641908292996743699241560046246097383917470291483949711886109912933682003628664926926890186293104952960090112
680,0,11092006586824748777963946667403939012105854595128515423556101601865650383210364807379996115045678069106963104419058817274250779318564661237639904505209535121470725481853054986870141009267797763924119970454648184076797074996315954753175296784007974376094630843512228698744850668484900281122816
682,0,8860127129812312815496784677884942716443347114145050530056991813589302954358495507886973702792795074608274307415633458371591592647213571560292489812381974280976841174165192928290290798626531178390468360199777417458401551653679473204841013544860355480429116179871838134323524686574771742179328
684,0,6882395702474467562137114305965411277892903228036606452392856217778782827271956645685612618429268372108876090395757282459525356833068815588326016439238803434438789149523226682031848070340629060403535061249861479978214207984231014358411873216270917541979100707248254537741641973523244222775296
686,0,5196241840910638528772712008111177771878760431903570454239814691504287133651174133287207716379042255067032821518991278242029918559805175341169508348055810891597345416897051280703490574536378643413325792882365681523941048236417615894338870779924850008362445015290884748816859253163727664447488
688,0,3811167472391021553742964986916099805028473878840620751680777787881065007557611952648261605641609084798631405598098106457264576780379719666192508876786675464509938874133792554326277602652943424219732003181299142115034319845113984918901598583309869341672695768556461572612037536151745832419328
690,0,2713954148766889996951853914331263859363244527167443799138362805228687067257869312201507260689637432941312699372700732052453289598680495812398151626788337833872396945886822030334688991755021250793258954971989572419332705431499082318610488364883304698249668880826536389319479671959090242781184
692,0,1875282008515508119852131921230800305671384643475890974699117294457417996428361271001871455171182949048440400642955815718195674436380568392103724199966200211496079476238616137264131236646868437240891789275520758209947114913792174819515730080994416855665191052097415800349396979166554370342912
694,0,1256550776849044837049601590683137337185595764195420123324658348167059383334218781624291935907741560537751800758141083981659768753360908051993342512042864079907405507048000393345846017207257286134333879593574379754330001618169020669928218385476533999921830519209777759994531287649596234268672
696,0,815938571632349933477527738357838438251901641591350346606032618126244812203951402886374049317394624406379319040363871278152574408476834208462312194185946756894883835920726331090813436563402494298841754800746087481496088896985189189432038754764481361037769491018095800428876523124574063165440
698,0,513094083210433444189574335147251178511723697150466346228019538015593573194276159364115100991811226204587713073425082263505820046033314330572351783033743587350434081444226090285057249783016506967013991971347714856966363071905569358807266185448623386354989497239051711915688851194534344785920
700,0,312233141319907170103169796643856983571064997430756025194138531146404259664891138529550284034275426282670319286004919244427819306576913873413168270753504716279288857366358031601997228452659457607257402288681263759491848577100772453622391808298932083394816186055741991985400133870142053416960
702,0,183723359989402537124177050482671893720394176104136165379607915323542736387563922556290430303119478337186999757560379368358383384306940186715196622341930698137580281772335505184016924629973944670075257179863281361462954805086466031309656336125953651783526967690196051821500100740600689590272
704,0,104446275529432777586827432912248662986682916220320576371686651157030392548525616462151567658372240474623950006710244797992215074762867534427704214981528833680017630705704852932550077032124897022734146871421376179705372892054750570377628481530483237548252662031479047116365437770146827468800
706,0,57316736448503666687394137328980213737588259199058942009580916327999316087145087389312744229176944531053232786762748220239758782162660717071257142629414384205817964646077270187898240483404124460241430732526141196136814527484759137710859700067629355500704497820742189811125374029355972296704
708,0,30333413999555460564159560504658146949841968391730122956143153432195272577625840495108691024107709489185159519752091815975185964245306804742297068008391496856990614538935471489988775655801681822988670945913019412766651828350581076915256319654261907430982218645041297587492604270135685939200
710,0,15465932396431815405034291361924831478939697187988433576722146511171625767231683756171725093116975152984683356422022828963514809323254723397860820047163768542858292013621963710604251233079104355348561543052742912361030497002638027341006227399553377420287079372059848813646112667685829476352
712,0,7588901398546875550781938003239273323509252328147467710871812473679766274742523366289123579314218447429510243874082773698369243456130149121561624455329102058668758515195529758929407159960762319473296745000921816312619920415080874716109889777262201352661986643002504424313989870656491094016
714,0,3579553498746922159547444384669144682855366806201887979646061113963137027071220174770440813153623975748134574205634810221301111128750694389803605403811684653153143040296612326473812087265629478556290529771179869740584504599041691550371448753437432537710679814798090175785413979550653612032
716,0,1621016937786395863170323293886541668007553592651355792275543846110387728020702096916293465050568632447448931090766834871379289277786311869985715204839156619881634990637581859693192488241380150379998596566942662650634436418117117217487292926214760459210150991990696735055876577313882636288
718,0,703841362431737313170741145549235093841688679771325627188234451190484476340637090092003894865473753451842558069274436602677660075668829278193736926063046726281001359000897430370079174117485844714756058341372369761550561181041787433977812779861661811246836432067040300033604534654243700736
720,0,292592779774814757649772503466965866386339113264654913481525210909255011900415758914042494965142732360575602407783074419408336516895862207923495558282294963961962207412165694275891213244121866558178388366491391762501891691169375372167238937802128687358557545322549189804253534352998137856
722,0,116271851976676814260211190536938591792972564518237917767781457378808863902673768694982599841457328902322991646351049523767250003712515766064655373218119413518970729052751935277114427100280415207559918360426535324492113001619469207203736117387299372056834326472856082271194511513550323712
724,0,44092948341734083895317504686721987844161098030520131487912382209598494114852909198674655279711376119207165864657939246497460754603615320543205382324692606821600241902049702472759134197626948012128067269878448673055545586880703465294897464063410246659946561526190296269021282642144788480
726,0,15927278483752241589786265693581365564341152228697465600364215715264828413333095763620165022108437534014176853025870690548882063818949079253153179996033002106192596390430684943742375057791179584993393567276646267772816320987185774444057903971523477830418374907608743641805961586270011392
728,0,5469023146440453794872328516007498871453740051765587278546161740068496215790601225900605298085825759466932984692991462346067460414664464070023326201485668335451250954324040201343899573901509098857194683473327794244736010884571124723294736135925657435657227460002478093462757959750647808
730,0,1781164047245293448770392299777834381944887342863636899214965482047857101190768803794802038685317206246978111639389417000059961685011205361416511584722867866619520369126588062610686769395979364427460179108357337630152864801893046031017739107446562688040659506478116111947104788928266240
732,0,548849300306784507577353928627139985258667154884905665319267059154049763553342464061010489683849574774519468465183460273174703921704002154046212122060083600822280557120566686270407678367801439729779777614594753096240945697972228320120059940346430978553058954137994720187656392193081344
734,0,159576462666714633691277038326879440482028129448549672673760170778024137493723172563713427307962937494907662063737116587183860876987621005300057210162736213849526545405671833320405794852644489669503725464220865056373276763148238763825902793536092089090170934580003423783214684456353792
736,0,43644026281363453090513804534832150728029160627145023607015758976252549579011284810348613348527296372974198448748600516260818089125842407419891587475932264394298162973539085567458192453787505760541273850633107277455976699630155479230348812509105870583147939967403365904289154992177152
738,0,11190047578829253508531721291435792063786688374334908823167743267675276592116971958777390129597134314353218446002547439865986145240736812965284841169603582861887011630078507372705559267104982122657007649964276049193162674121907705203181792764312212131376748822011366825006735657271296
740,0,2679209662807658205639639318241767327974781787015824988754521033290178715615565124855344900368053497138594749424213405372712121667375271500170452059956346517807969122619694276439801606409569111569760272549462670980818463881105409461401156858334659067538328235750311845474727006044160
742,0,596390779508085253124367747777170713746725593988107412764635538914925758507732194346984518925685735050509266051214401692868192512086352028735614032802043409700119058793248854509407855660197699652873671003364440356850249971818802222066803439938377048009409054770236126469259987517440
744,0,122800312042618891737840109665481742795311560874620585050609405532684663336043455472284440789180091882338821133788351163652062510995933202104203589623192350699262895875889361481606340700336994957197280185430491106437846530313476013798460786075144401118700466609624383362477701726208
746,0,23251517224810831827223472964796061567214554838476836737241110964949789827547530794838579241563139335541085466011508547182978331013827235541234163055560636398287754811096261333967412626749168892625553123811166284894243534531565482387723851008499367955591927414273333669842200297472
748,0,4020465561187884573420421954979552699630113160424548861976679778031929640024226874788157739933583550370644717980875362988966163250493012560734867068429388319453977565450263893865541123361689690598676923890112683132926116913069015772675118773560801894253951947486844287705109495808
750,0,629632194771946012073932899797275287683961635829150629014006579314937462845729844931130239093435028624128579765415889849127189760169011344703747594348804215701963417883869550913467322756216856968472085302180803040106308193444899021944001544465040795032039208466065104622392967168
752,0,88416780619380084063058367431874504497458491251164142953925467430462738844564665896012428006336483354017615252618486526254473007378036360152001561502029643638135230088856893120005709201637586332690039049631697339063361282811177758949324979959127424659479178689299303678980653056
754,0,10996161929190143324218715483884213753704940474366537468191661772983652427621906411650124462198147430166954016105782739169896925849291253441616827064544270265079331096372493591525476020764066899368183249104668610417710410378334063552575669318909025457067677912993826606145339392
756,0,1192293902773641410267603039335032544868506663465815803811369766021947839245462394487366277770252155580368059406385130836022215478306437769851538876927838336993449478450533830563138552302082307806558859965632413087510477429552098817592139928929449714166629609981154531469164544
758,0,110413712836272735156738617552116095934915815046214526648191038510500478357976684254880461568183163953768603326455030059221157621896435069311406523488010430107047045507177347128943793864510296597698092109902420926781511844202063705431133708939813550130556028275902345690218496
760,0,8490677589002903264200075975735245900830426827629811828459042270571215221721650637077704598939893509557390156961959337346180306895566156214890124048262951725886130190570178208142086775952724162480149629767701256577917855037638812820231083016143462360823579209837734820577280
762,0,520510158504786562756041120192475283274476937025893013198652433451450559594169859096577753265738114850232736434287989270641398823291996095345324212964586600109942738140032821934712328631702446767560820554873918768687495988558011293624887579410312238865375628156360112209920
764,0,23849075883882030094566999043909651666134242707280416249883197871777421460362194113489121550881197917910523890714862777942592659659408504601501969555745527073756903242146142990913802286486924570594697862164111465712112120945881023593803258271590340737227282877225075998720
766,0,725994936663736638593235950151257736790503305582017496008545076908196395564817084789131722405672336232550856069669264073950149988871355608308812899510959003033897189579310291452110204971247536251689634821677501726597807363866043917972218611519941233930569190181770887168
768,0,11012688445744678785026705808826273693025704983546850279307339943153178082589649081267498773229280299283554928775652795551465305699888766273252052437873466309284083694712680979421101418247538058194562597178960777185626554010899041527595822770900965335651041263533162496
