0,0,1
2,0,2040
3,0,8160
4,0,2347020
5,0,18719040
6,0,2163505680
7,0,22840949760
8,0,1719072555510
9,0,20970458460000
10,0,1194099281940600
11,0,16196600684376000
12,0,744355229810938200
13,0,10840292794166572800
14,0,423512946502398527400
15,0,6433280649922169282400
16,0,221267806492811075589825
17,0,3455056187434564736400000
18,0,106841534307546443960151000
19,0,1696024377681879309498828000
20,0,47952087876974775324314673000
21,0,765755147245454899342453908000
22,0,20060233822307078007357489111000
23,0,320040066301408337158966760424000
24,0,7838896490043027751038534872451750
25,0,124305171079621843844599356834300000
26,0,2866708480721475439318410441441450000
27,0,44955571195636776446433799602118500000
28,0,981887693670284517402366644181696712500
29,0,15165769446326988521687829214923883200000
30,0,315017187034646829327151180521909257325000
31,0,4776869691115349225637037859474798508300000
32,0,94641969739363474270150235471471027854762500
33,0,1404206336377569472086129053561915087623500000
34,0,26600038979073770546286525410132476980115875000
35,0,384880103188127122281434834611806601292590200000
36,0,6982016881741453165062798513081379969735993312500
37,0,98216998694665171256946687307389650120718469500000
38,0,1707431364308608864423335714411143773727149986750000
39,0,23269803050912319329291164012872268914630968722500000
40,0,387739287479835377051741132440382416018813037282043750
41,0,5098504282856924983386249648854426566697721838926000000
42,0,81406155486765339473930875964225966433123309200690625000
43,0,1028112986056693197813281889195937193272776489224026500000
44,0,15710902302185533727333970802660289195970175394486474625000
45,0,189511456745941593257114751856395778167094991119496605500000
46,0,2766052317980610266033516158900193013351636145050684236625000
47,0,31627864905968439880955231382443584419647611229952834987000000
48,0,439782974917660250090882019974317420062332878031520950409890625
49,0,4720442086170893227741958216463711928173403193187204026692500000
50,0,62298652182275755832767629905512051096466299983082892283796875000
51,0,619511039296301545337287918234371668786383238714913975566640000000
52,0,7715624937865038342555318916383274474907565528566659793079474375000
53,0,69657155973778367474406842730795566190466561185724201654324035000000
54,0,812733208630873686228875698433633657896706393191758581375137670625000
55,0,6448243677156047455546013532183394110473060586488804032942549342500000
56,0,70008771308929101944597004197790326461649618624316033484847518686093750
57,0,464433825471053681895047057270113414896881422166446064539916828325000000
58,0,4671605817982973097253156223409246848060441591244113884432975282406250000
59,0,24029118756609550027512234356897121954939488671994569743358996242450000000
60,0,223555740220543539841188580992325273111456323949570041571820694292279687500
61,0,784645602187054873843068540778490917663375197724912120762553751345412500000
62,0,6753076723551413296716117605337463595268565682739587418760047750519215625000
63,0,12041655729797514203765799917132151943151350839802445357577638828482050000000
64,0,95959912935351625788137378418168937032213406600036509083262358569987687890625
