0,0,1
2,0,0
3,0,0
4,0,1664
5,0,5632
6,0,12800
7,0,0
8,0,1402624
9,0,9230336
10,0,36867072
11,0,75175936
12,0,895404032
13,0,7717109760
14,0,43236167680
15,0,151661174784
16,0,722410620928
17,0,4965571133440
18,0,31843507093504
19,0,149022888656896
20,0,646203648802816
21,0,3262157356793856
22,0,19029205516353536
23,0,100219448499503104
24,0,470485075357597696
25,0,2168571080186265600
26,0,10884488439534714880
27,0,56029185685218918400
28,0,275327730843923775488
29,0,1285669474150599622656
30,0,6030108518821402771456
31,0,29054359462979601170432
32,0,140555123331552856244224
33,0,663460630677753287409664
34,0,3072888657434116553179136
35,0,14231577172556156093071360
36,0,66407940729035954818383872
37,0,308958967579771783738294272
38,0,1421146389581279603969753088
39,0,6476161528992206183058112512
40,0,29449183066292220836437819392
41,0,133882535003695281590144860160
42,0,606520109014377452899236052992
43,0,2729921356527030733475898458112
44,0,12219253985521681471106084503552
45,0,54517738548363554568061352673280
46,0,242648179675912801694648008441856
47,0,1076214109259022938655437866663936
48,0,4752384495442672812191014184812544
49,0,20898964837361503139115127371988992
50,0,91599964049086872572574652348497920
51,0,400279677791328791287620777719889920
52,0,1743484861953645606630792388023418880
53,0,7567214472850897322731914570617585664
54,0,32730809625326407377184941952643104768
55,0,141125000590054584221488052956431384576
56,0,606664713526500037892849197124908220416
57,0,2600010828722618520847368933348466491392
58,0,11108523361594119163275415438202274578432
59,0,47316269183907558405804912153473906114560
60,0,200950054000259347145495927147307164762112
61,0,850993958891005114968645449445574837272576
62,0,3593649283315863296855159291617634330607616
63,0,15132751417033370700700632477750542074904576
64,0,63545921136431765438078691934615665008181248
65,0,266115524407021595015690326736925188195090432
66,0,1111445912000207696266041971429766357548269568
67,0,4629734745049098807795325312425413416312635392
68,0,19234630429992473508691913362286602137423052800
69,0,79704809896683171544151325061806733395664830464
70,0,329438605397599384677001630825872661499116257280
71,0,1358218376567183475156327864367970041672130101248
72,0,5585768836088648794555566014771394332514918072320
73,0,22915317803240809155855340612384200947334702432256
74,0,93779955956256878055431703116950028896198440517632
75,0,382866899605811998004376478474674425991103078465536
76,0,1559378500068067930160241094949590530192127970770944
77,0,6336251859412679062240186020646498435099752602271744
78,0,25686261456897173333083230314926340735021554973278208
79,0,103888419507371101233258386943309965913710431714672640
80,0,419219416177460067914004708973972113885668978303434752
81,0,1687849345081563601663055233220533873407439918153596928
82,0,6780372722496101489484459949471980125441139299458220032
83,0,27177540220562234217425555138717170456632395332287725568
84,0,108695668237790974468195543220644659646907844139658772480
85,0,433778967026625439080291027349277276464217138507007655936
86,0,1727377844759799038489345092708234491901745306508470517760
87,0,6863994706704697330711081920507313351824590334216743419904
88,0,27217304322922831223055512972236765527231035047979704647680
89,0,107695967409512057164276769770448455110242208919683803906048
90,0,425252940135293763263326903968812613732697492971511347150848
91,0,1675698731241249778188943268916099474113007199762160189177856
92,0,6589496692483671802636360797486164418263201300314339017752576
93,0,25859668961766949417374503551947386471268981152869365292466176
94,0,101277881271696798443315740966489750628076212677001385743482880
95,0,395852607241070529699446082994992500494099546847518002753044480
96,0,1544136928108861052190180155696138876310731162276859209882533888
97,0,6011425352111852634199349012012972150673689883252985815539646464
98,0,23356847378974388882699220470914924331843846592904008371764461568
99,0,90573612355777070333142393405751084695001524080268837797937283072
100,0,350546208773453008379371078860572326111316781069020734362105151488
101,0,1354098423236197758987490108087218374164287031624500685195798642688
102,0,5220614842180049675008791876967771476698143916206954823062539730944
103,0,20089284534102310491367478712319174039742941036189097873152631898112
104,0,77158443402464316350770619870329751754691597854183870861697244725248
105,0,295789834269030018604118359712481557724696716118692889283522176483328
106,0,1131796408503032824691806315354607333368540345270913433182506764468224
107,0,4322579601844096838537067680543548946942421912430657195045876096040960
108,0,16478266000041366912418876730068906590713426193118458962963043444588544
109,0,62701496204057638331520019033572274750366185115239092736263353620496384
110,0,238147549433079297044905097453616907950956522408439994096952335294005248
111,0,902859038504097788930200629580941809728713758750458157564400626665783296
112,0,3416670360652845204002462105262673580675474245295858631140478051749462016
113,0,12906219878689871017964960408196878007942166949294411456141018417820860416
114,0,48664394043917430437462487719480563699816566201659125894875747261750444032
115,0,183165288263583595476580714186491135600185528680498002218604699570736726016
116,0,688173298540431968943308027856054511887437400204814518963314486353265164288
117,0,2580942534715928532911425004838912237145092191096570961666921715068150218752
118,0,9662459727427557446357485965272022983096833903709216002783560117023726895104
119,0,36110106158412838145898123776505548982448025954774840074459967626197166194688
120,0,134711382949090150727897177628269768175419067039877252448815590123530694426624
121,0,501668617725983403125515624943100900392830949106100019343920839375848539684864
122,0,1864958746700028717187647851048364009093296429431291197651160386317043485376512
123,0,6920916734587758843251803000977064997640842260121952425907373763288333868335104
124,0,25639081447427683526767823676181878186317088855404723665417239465603152348184576
125,0,94817388074870665419608203645109415135385644291824497354509355854186944961445888
126,0,350043767500146093228601593688941718738871664454836478969153763217912645218729984
127,0,1290053139350090357712566146527806941315566064220866907626901928100742162376818688
128,0,4746196312346099293420915146200031286014280405945208793962271759924421772846301184
129,0,17431650424926158954299944458580445232701805741506196111107124279373127744210599936
130,0,63912794266328656237189802313733658603585814427138052176786150009665055679185944576
131,0,233935037761801911311543001881409531501803040984774650903251713883867796041438855168
132,0,854796050406027020161200254877947319776203838629403209798126356294012553568760889344
133,0,3118106984676896576727235128899949011959799445580482653682137223393438214004085358592
134,0,11354871100741880594498982583787134288947774987971343767983997312143401331362971516928
135,0,41279785252051039528923881926010206755583055481639675833178249253987877147811170484224
136,0,149815905107273121684760995649838480796534856055139216891921407346660204069973083029504
137,0,542806264619652835064323982759049387783808701073625079510940932928917408502787166175232
138,0,1963357093486422979555162796004821896042178601643199013747516974472545204408957943152640
139,0,7089608494926215428717491320382249938908029649423214631140599730771745195903832597463040
140,0,25557280395343897837952354747680103033056893675668071445502317496257131627774333463560192
141,0,91976585524662564874639715291549733811379836220750130608321004619792905465792271292039168
142,0,330453945340977760759118255625243676378865073816287138323646378941316546776275358280843264
143,0,1185267249203133292331112216861592422561805421712970294731219998493190693411152951769038848
144,0,4244181069190449081133353291531778030959728957648110069724469971968064042325854302039441408
145,0,15172051647729945022020836385423454723609941984489860301353998518684461486727625627590983680
146,0,54146195027418154558151888614495788650521280896500745314701029051569800452355492022581198848
147,0,192914623967856070553559688686268601554351349614653059137613770958461341688376222294481043456
148,0,686177085907463427500430566902660583472479290943553317683051344568052926335935336748662390784
149,0,2436583632165333634893293712118601027248558053412441292453988137225706919011313393607943127040
150,0,8637749491560010087905557668293099403669270375060877451635021095552160384386054323051490705408
151,0,30569905765622835204895427832289215396559215088741389668193138463353327144749506807170502492160
152,0,108009454600295623035972312854572663317952572857693328221712050417831072993127889113801960718336
153,0,380981169947885264358100500835786480750469830721317355448448730086348006078209069020158212702208
154,0,1341587872651156907284157882575157632537987162169877489211103986501754614505869969857894863077376
155,0,4716375158849545891028864223790670224656405608880972121789626385338748918950843235059196120530944
156,0,16552775478016527844671183152043537495822524695262742378475205960303543144597955813926066628591616
157,0,57997082080958628015335979972772275328130871163800419209409945882560977697007796780904071840137216
158,0,202868118881253627194907990250730357730567264547462399315055939746347888439969333018188924510535680
159,0,708423925601330045734511262266324393314973145429273023760278418532323913144880816096376405176090624
160,0,2469697384731389397434421011136742993639833695988900962823340208391602663385698444419436937834659840
161,0,8595371114196156140409950316150855698906774974611440020455517621723203444191942120276287979492737024
162,0,29864488387101818510185179548297288224021982884994773107590300681430981971850427939604248670570020864
163,0,103589130987064725854931992687061722056973425983411765259023642032031136898834494117997022423411589120
164,0,358707942657127623595864049869182480568586263306837326579176080216881419688190267480814276773169594368
165,0,1240036413514586972446908622137810196604796102637478405890470979356612262993789768187966089337331777536
166,0,4279503585597043579722602769669188623473013491860651222366983454888821439751961815662268669521702158336
167,0,14744045088316834495318616706543745073615692377893577032614322724661962731934085412773994286370531573760
168,0,50711086195048205102739258029041902289626429967509271240866385927870439273863229576155539309686259974144
169,0,174120861839075006577075546308736645062018707041042771248397582808656531970579468614837790044778150232064
170,0,596841315889647067040667157875720477284466523446100472804111230039718735375476630858788730440283135672320
171,0,2042328447362773970367383647755186214722538240680885402434324076280683243561282568777922533298931148783616
172,0,6976688086567915410528236957020777972217265409485229113819356695091428082493380142451698716125982602821632
173,0,23791856540474977398477538495677929502874978594566737202801980531292219986383529535180477960501471972687872
174,0,80995496127943445572911145116302445830694198618473169070902693942052123044582070979666834590065661921198080
175,0,275261226192086131108887872158093131379780744798753194610948281889562087416624139889190763514541474960113664
176,0,933853770736327737732646724419457078123534642367756039486236155528931662669384522019042282766098389255847936
177,0,3162716943801837821270737514408148762247349980215507370503262933303929622106464231850840106791435394395144192
178,0,10692696556146759733254832157543029388160836302994892157950040769003615166703411963878553473106287711007801344
179,0,36087549649866443690972665301946575256415341043250020739892125200431973416615830270967189237403087282070618112
180,0,121581768631557112946350337586697278055680841864638569245065885979385099152317995821300592354642324085480095744
181,0,408900848822175214836025834073591062087885971163985464230779772275435380878542598439124648399816693431217946624
182,0,1372788238760842163197353239451150425092031626918389500380292115150814656691212150030461588836629281352791883776
183,0,4600684628860488599607049889037299263449446830767187268173076070776868541623406776522814363273487275734180298752
184,0,15391184799683413886232795611358883669533276300297665404370813276417677473635910782833865919065104642346544267264
185,0,51398390121113408386450998087466391843343109840953521559244006549674702421622651715621466173288686721769647636480
186,0,171337314761405115314770858497491399390491276892100731964238690479066482831890634518010579004831476970370883387392
187,0,570133254079014171600251703435142516966568462081516155584180013722336902300473689537853998696220664185811328040960
188,0,1893736998802629012086061316093358784807763468179545837064258717073187888267649792556761812715572029169381517819904
189,0,6278828560679684330345174425249970995731847638759070365661903768943366925170421770570550000833805188411660974424064
190,0,20780210566385711260221642304954332754115063244290403691237703380106962998371617052692465657222640346571003721154560
191,0,68648365636544500519972341508229927906250195422671872828232639070593109967877644066641910471890231783656476530180096
192,0,226368436631434308513931192167841749195458265287163110906006116083902760376948432103275669121606861998214982559334400
193,0,745080697939906476162862885818108232803670389145161509586865870478053830575492299644883603750847756758450075252817920
194,0,2447872385782699087587573703652999359954927930581112275396190337847840413107053805865731792325534689711686535788625920
195,0,8027279496076225514179000846641418270824705064407871817039631145561109563498929789443461178491740361663808846837055488
196,0,26274723929995055221322103524425074533935550218639354499329068029896126671838039491744091492369453314610361350299320320
197,0,85840847826818142406982185943082648509387681660928963276028183542047057831016552918468821307633163349728969146071252992
198,0,279918541949113719610424425764266554448498946539383528256170750933171745361296439178811093392058948804271872430152089600
199,0,911059656961731004501338805616359327664468084356561021223293168846430482961300640708058518070571864997513361251826139136
200,0,2959613259846821351152299158794478479169661276898182321846940977991523287314091125922874219255782789555168844816557539328
201,0,9596027930446956054600200133842221953428126990129543521196175867028720821387716138436029553340872533908512702387965657088
202,0,31053581126069629737562339825110728919912199295016620145596259921735953190833169330960193750424653959417642473548966526976
203,0,100297624848076092689839814924287637459990992356676924831806574663277001670284824682780185728163574600154363624390188335104
204,0,323313144400867180391771889254334497645648026616277236451276044908494638182112998070721602987635669763061005369639539048448
205,0,1040170832439231433743409425115107796057497193268120022828239490526321248578008352329480841840462393618828233034412765216768
206,0,3339867802536813470194020588695483313764983366252430975675462699309673542940723845689407029442011497130489651382446016430080
207,0,10702659977585913267735664896588665812402966290579508135277907323649995147373842572375444646039213188159389229686614780805120
208,0,34228386208773681024049648593474171197124552971903795406920147061821273442473564919266484066589773388599116629757115066482688
209,0,109246518955729068202730884314859955342388956677672347336292467187088326705161798280792142350480793336695258152946946252210176
210,0,347976058982343482884822363511868602378732359292337660861414255344370165761546138175951524010980289066716404219185077906571264
211,0,1106128596143063991200827704372018940418402598724023495562141039774736110791134669992428826265389345986043237804548055579492352
212,0,3508893032393180626475875720694671754639283227943197767900948415291756966095433137579366916108289585533096965243003880547024896
213,0,11108015548258136132620896881106793370261593993690241712778384707847059036718296836144540133206513535749868274464662963429048320
214,0,35091188856535046623569760427741460211623363634748147517115800726353129298271370092146052957446333237610308548904098519276584960
215,0,110623697757714699710880975768549789148003128070415450095990072288387554033910837212588130331393722209683496356745987180688572416
216,0,348000443040000097732119319099067735309518965510221879265697255788878102952868587641477991188949907857019132936131832899440738304
217,0,1092410385418547084958708405154049639826507607099105624206189002156122110489688115844604937161095350618912632644033952309942681600
218,0,3421833787153607882798289191876520617028152935274644596539744078506769376416361104159388379104926578678870578167979339529771286528
219,0,10695264691809174551847430076257058215607868609411943571517380510311977065918780982629724995246808316280248200177830387235917135872
220,0,33356153856062083426992167656004264853546573218783791568467074401979638709691423902979184244820898093521140262287472541235624804352
221,0,103801651235693190234926495645079988220229725696902919089988009845749381825564725554717480169414640523793298424496310693373528768512
222,0,322305905135012830588498393719205935821874653812152612050602774736716879693786118521666463010215659925462876307465970102124748472320
223,0,998526495485162818807322557501914192256973227841015943464200392447562735707961222807662979104188849867300000395656760580244739457024
224,0,3086523952105407972589190498555753907795959965154845396783932754324776932266823995871149074275265016672477183411002879701635014066176
225,0,9518962203618328023358397869658661917181882086812883045846299028769221330896175198713115426694170104703355070640534391777084611493888
226,0,29289393008415960454341740974323348489396970391723091989198382010935146781511440344322300494805812204563105279484294751800131391062016
227,0,89913031115455721584277673004574729412026905583479605616294886463742049925157027967906192511092440784334610839292274485617288896577536
228,0,275370130946532545547536260559366493631275238855748730406226571531722273380556008891132317081503191106905608272038407585685858942976000
229,0,841362430964345217701129173558287544438753587609155449561529357223063312193271089798250115572578817139408815247986786084137153784184832
230,0,2564551306829730683668423870296529009434011019996929423144052540239931246220787545680088408231124071959533115580471809514504222081548288
231,0,7798144604006994445135193962991575834645480433306676124708968859208580412420286290215591978965184431529595015644341011414578894727020544
232,0,23654410699285137175855832638397677472387316714899091714592440400836949339053184839300320594488422793862653586927698592515237082700972032
233,0,71575268743037793263563541182410543148173669751842995193618486328354980277311436662910157188637747884651229536398656673692562562358444032
234,0,216039217686864478195027887450237190839469639033281792447016725829436452634873497743538531675799596084815922259902971323071724630556278784
235,0,650443230524639462702565837233397814868274397342118167503457079121497167410316329002664340113468559719000546020801593045917227716058284032
236,0,1953356511285681265241847609749531245472913938856461577177063703768382445978758003741445189023729908598448056631227947965680693217115242496
237,0,5851089450704896018429613805818248569275290238204271405963892853811642153445780926861759354239140749403052832064464639051546089325494009856
238,0,17480849006866492603033884500577283417885514724108678558521313142021058523605389031556143220170887118900373498028395936346277171378658476032
239,0,52088994259971401556850652520653780454597191421239692552417343152262930626638640341026106194352697389074324368774708142771483991079986921472
240,0,154801026354836734921496034158103124567649807692143488289179586594776194953360917578399638684636059803020695823237392693860936606451515785216
241,0,458809592087179278865461439076312100815574200324258511320248230223751558352532483740600846519097578450281616124215298999625572583192754388992
242,0,1356150617212902280455990642510343163724105964081299586597412330953789962372998654041762939657266133918055971667166281286380488730985405349888
243,0,3997474923271833911533714023686668193138094759693521256728272531985143001090998027197290823048571159256169161742863736603438013452781390659584
244,0,11750359402430976757000761535799176258651289860108295676857906626073347610730167315489388815887465783076845726662561492984683818709592399937536
245,0,34442043402797596820309421436857385617624265982630893482233221370562797204151800856195043846456940746675409143855207204584388367357506951839744
246,0,100666129587807649378874735514719324134109144366327375097433886118863930710477579053462246139308848300982881081703273138278940438728133278957568
247,0,293371846835623932119172813099756732658700310854423428484108371787443556862528739792183962552821090837494452143718413736127555723968019664207872
248,0,852466932368620757459965354295915430138943152317636141489740653956121848444181252385555312783515293435894840049134072097398328293446453578170368
249,0,2469696909723674194810449552059193725559642389545538264786065085923511203827961161281899558368410664443232797847114585319559229966701317024907264
250,0,7133444125534575483655750857960560194680103031565328667352868034818838379801187597346290150019281554009433017610592388193726092948692427350212608
251,0,20541224665684053275198690255408496837154245380678682799957754831239691384030090444663987479080351741715242913045790855859440219387855748600954880
252,0,58966631475887163557609220596434062367326801167623080700927274377206753940108153387311639709797733555056390871111454072601861695666325568889028608
253,0,168740814447529032014576788754580410902890686035902773260268941346407795719989550020400180061907216895688160548254557789597666728378462476798263296
254,0,481335798649569112025723828220296975218585635421574449140753606337578705545027906882757701668463489481238805184709799412182014454578656259623354368
255,0,1368579966067558989769200356113506932408074903969890601282528361374306840323831786259299142866225695690670539695496339863952180878143683302514491392
256,0,3878514250973770253568452229304875383586320223383902382248727797750713164154536369755587504774405544656336592499043753139181424606942590462052007936
257,0,10955000439884291251927681381324353847015014424826275953188051529993413660902625568363593015184927866879219212502350872520833750441179872321081442304
258,0,30838210718010077780932424064113259820088136834208780240415525431620221004454752260653523550327203049761492600759461844291690266979968040724103954432
259,0,86511338590352107937523568889706934178399632266705285268254569055189332715504042178445845449313020215604740057328372279426806787673780438931857211392
260,0,241846962246626137507373633787828190499390325576558270924985713726222134022567998627090242194061067509365006819852462834939952215568776949209113821184
261,0,673702183841795632766594753469069433293504742982669147078816032312672309916519996387152256276908942316181495012785308684203845533125506901984667500544
262,0,1869951088556230364900326646820321184727524426195002494207035596309217264106176742148307678431319150328417390713773245318139034667851048191872370475008
263,0,5171327485526621455834604341516438455783911462507287879036563862393461444602368227740877891775108911470311080816209773307395717354915008852787518767104
264,0,14248105197901491304886601141032160823051294014762360237527408032257644671531426803252237323583794785686038156384832304643749421074174919946495066112000
265,0,39108256990405356886814431334073184313114710084270843136457177063517220212486181122674731923326318192242409995926347033360020363212878086495152902242304
266,0,106932145570756787597466056488618124111589661150350933811687255624038092884893954032878416365220912843492694563288528327175322484651999731811818361847808
267,0,291237937601173443011961083492623203362435523727511634092804083877213065187590153242981985383423260077101354710937980978082687792979601484217157590974464
268,0,790056190590433022529092175975902399462196825802938162441893186668501401076847036585244313069093674281268731106416746314423802761446272665424703988432896
269,0,2134558331396230087802655470038693103181455147923923209620498331698978780185308457224624350323022094526308062501712329997915451246483035471034848261439488
270,0,5743370476169332143437274125036605318266545099600797973036767505169967261997848153792159075949222925449730516697980675709718327741974548173547017538109440
271,0,15388709686015740539519033255826382155201944357904374205386638017833719084315673636391213936910527931827257985697771888977515752215277919744665225422438400
272,0,41056413610710698970935268225383125758382810987641618399359250469893295057692659408353409823591883266700380420117001096232980864919614801414650455018962944
273,0,109060908778530574211858245421294032125397255310592546454916457383777368660488576499804865779059553728900935723298879923332510513799776720189715665370742784
274,0,288423982671479231548950019632538606226757242311827720282347617174552301534680216496260160849770866472592943662148677542593564762622627090283282505761030144
275,0,759331806972087558775822854540027750601030307713492849275578945961529403631191884189528491487147596744858490842012132083771137129713790254063748526014201856
276,0,1989905782411547176027395601891583155579914626335259118437181356336777514629405809561537959260406922369486073537392856330109500834579872508043292426677256192
277,0,5190339442035604379975386511820273779120751126184660538775320345101006386247273407288096642035045437900393999247650338549516753417836782842704882574280359936
278,0,13473543151674849014225215826673621127009746195023357701767864886427119721887123773681391158689123550621588239673750318813041731069660937199483550648280023040
279,0,34805669525861574841153556697068722535789664602165532811301524153119278758421293826312859688939064820853780246222764808316017814127496248202971860173420756992
280,0,89466074717078540478744351770205503187728745220927594479045709766550028893358523667353128132675179252144434735562883566136094005329981632276461740125251960832
281,0,228804120494370650368634200527203065053176684842344657739598186805894592268695569426038909063391277541406034920312889155505393217567659965875526805145595674624
282,0,582132614933126709343177458418702552003313525500769432688333550128045578818060687949722184679439295346938436653658165192998384148877589863348019350922567090176
283,0,1473285438376771165612771139701991890908122257711137787154633903101047485166317828402526699593108052147935680324578311720157028385573598337512128995372195381248
284,0,3708613798697923895310021355759150977678182030722127289313224222083043118233366552738384663620990918857424126524478725351484335737774529647998288661541086560256
285,0,9284265244696174064149848596361593920137000685472764650312446963891482430995083265822066704337919881564174015162646276093067206561361332915592384932629954166784
286,0,23112381585434663801581836596851530414496929489224707292378359451595846210024177879776655040106446601320703184038549085818277409754437585046172836067018650157056
287,0,57207320033840469263644738749950550795436899875617012004780422950938132004556577344273303752464520546837149922288039425902458478884555047912879494042866585436160
288,0,140771655085804870948690184696817391814040601236855111006941770361302968254462144029638121927820383210583778930175145127471681934415877895355704218421118273323008
289,0,344334791282967520651271203522251762854826855041798318577104355976847710422004877504259004552665157145795764054536975172009977704856337936001407013858532074192896
290,0,837128988765622325947911754141325210614388820681304020165561773330826452752113382611559096265806116865771310842066137849881153742503271121305109936386609720066048
291,0,2022514503417667753180817384485112990389558263005356112658721992337962671471908130636057803304265359564913184395373620185793926021004151241393789650156678463619072
292,0,4855331943057741660085303511087558668469379837405209368283267370562903810104109998585032325595323305916505435217880772268879437852842203899707986537289828513349632
293,0,11580108411812536892286821053813441614500764257363213539191538763955686170863579611073619250237837564723773584077007667247186441051374040616763921433808829962780672
294,0,27435270099179488667246689493068971727397168398225438935536471559536918943660780262895485840849268893789691771437682530915785635421334277656143445210647846038011904
295,0,64556994418291098971768094339729830257507858844860050697876663802427011150709323290924765249494334003925023026246204820988257937707195859335944724714080939506925568
296,0,150850690727470335118081184406987683982682011875029882031164447851764822085158410957535975492554802362938372384309936793664045225010585938489902894543567883511791616
297,0,349986758433951110436711337972965025861015502347454633936241925155203780522328660910074304451584058834073447151378448335336848993283442237114240049345814373955796992
298,0,806091620354986732777521021568417198858885603255558575391342923064934310788410492969829454532077514945614717235905972708100127202398360722063352951102783670359949312
299,0,1842771858573093252942540525033177266589750875936875494411132836936774065661422665454557996429810598779540940267200073861667081777621566788188814729238629235910770688
300,0,4180580815969679782590018569048671144015139385381239623526951594184482760065700767328961962949410071503057764823965176123602217724408339506992510290031505636734271488
301,0,9410238052948608038277067120395506938472766035428678131919244289337670968841791901614451082781114011582145293066676362996286378732410077795361829665157438084288086016
302,0,21012707415103562317953083038669585248088113609840297211926942995504817416101082883800565939895560400179645160600753508209983510109043226166362730322901634702068678656
303,0,46536813876397154730437379553925578139623720503414059104772189599768180153320241336997602475274137029200361936180114164035987926684302661003178278699273856745287450624
304,0,102201564577270665977650230159737196731489710725258323800527040302580345450468809932004576272556346720746340464657925844314983038429993873060114121156309518542404845568
305,0,222522973262029881951478062100374934136891411317031009279830032931823953043431431659568671487655444434562350473236999688384695664738240954459988351163653794423115874304
306,0,480237107784792026147897543817179568573447675933814000644414206425030894894461076112359901923013887868679171147642462351053754824029897993328221595910054749997084180480
307,0,1027079677449631172715498584419031312289857143453942139738443604551974898419758144737512597739004644967264762187312723030898679698094995050174244831122272134294400925696
308,0,2176310567717479878548983069105847603916683545034882654236879212311962172056135249862949203503646198680435945941138063503213349313470505796278349126862348339153698029568
309,0,4567760073305192360498669049623756954592765844947533307763701407363589511958325642180161133462947949414346491737053175167772512469123059836133612712655618509182716608512
310,0,9493912284841964030268693493196723237903492069164949297147754686624129263131351929916815156485342434019937941965640614919170973633333373420688601984233792756866382561280
311,0,19536053539651486188143665179652572077383070370197572304885228974855203301303433115766725124823481428278556451292707768242520026219122028620895929451367751489862905102336
312,0,39789136224349837738135277696209755968490103922244336641958341252807816686959928935106618383049188694003677772106388510340134185048134071260546876700755244993197453082624
313,0,80188231975149192054219106968576138770550605070879738179670085774350530901282953141700129646442070067705782495327945565555320774616291587207929323800028407190534320291840
314,0,159865040421508096054722855564219963457841504874320218938384589001304444035135427281470912856828949095309473024042402314704990685026950878773543545695059813839084745392128
315,0,315186141583059041790803377939734708327565991982224371464419121295981563136323405510269921698932993310827300456305273025795803033881749858322265030851992300588572386263040
316,0,614357338781606315310391333214750516569093397929604316995238169945582433930179840605110851275867114970107177621828015690459203630319721862484313569969231620092864564822016
317,0,1183532775009852457489740276327308792750491987963950483194624874869770679414931826206825819834482868176529040364342044126768239932633604564502334362740744824975446228598784
318,0,2252708714257088052356970219787550748334540545792057268836425242408474774572895765136707273329005937878727640721129651353241464330035148586035612802737905146271912662401024
319,0,4234972265084032436445018595990596306370227881757641104171243137570684663954303920546285492361199793046464269429648057107795071755007977946518584923657352461724460209143808
320,0,7860805311188891826206320707933390647219232183353206032728793444795890329965802872594558114829603536273328979276149634831566606751461579716441921196435340014134145627193344
321,0,14401220978184692158663456207313967304521739014683878226773394591665435671193548291458342260503817178016982137303036827110450321768919713018852347151539470524282833230364672
322,0,26030756422573714164086307066825589264721548596904280889583147618505558048785793852155230357781559204616990803501570102785138169455239286598267546790290826060131111150813184
323,0,46404831858809017866138829929999937092167589621567801764458277140916749940384922801180364568924358242145612099199566386478606871260268856630455323038936180546260079720005632
324,0,81556102096473947257738221338679974813204206800647228914658650652320582478853003541262147273876787453353034773630584149711589678218143176896803795487069565380656088358060032
325,0,141249992261523344024733495455128440701527423287242011051586420968169125897776370438406328628882342637809631145770237773943497724473363931471372318039133082348066146858565632
326,0,240976542296791785957645085422882332016381382286914129064016311865222381252193514214226306778202891546837652576472966012982572294517434810223642176800240276673701069732184064
327,0,404785268623611876198488030107468451544913355564401259954525183226655250834867881384354327461935627986105020455630423687157977134433072600680780387443608597255438569631121408
328,0,669176734870614292467183189237404828120365579365945701603932740189024165224088263870419833874423117453597257902807012577573721456731272776134141063515576381251210514308005888
329,0,1088225643427715202444741268951003785474962284050652358461843174127950315084162291816896280496676099360660890227508338202798453592373260808121086687547626416702031682479325184
330,0,1739994231359005589186811919967528540392567662872848280923250721572195684973651691183092222607237767698296803913098811119620059666389760323221019827873202745900619577635635200
331,0,2734065259944160601703233263824838358407899104353763153247511663580541740708598759846280935368137724204843146035951014967776054075446657052371530841120458442152399048586297344
332,0,4219647359906485014384423619168622712279826508464672075517045797113090103294344847493857173268756016414384033881733159535186664677540288720074886326814059956715312293569626112
333,0,6393165204892136822887446643723620926946631164819252133997634735335262169135764480079061012476333441365776958594980060381274215708429236078714304364234065778557533796614275072
334,0,9503563613386527386406591792747726329279097455005977561836491127309865537356373039181836603677659026592933208478245325954211480700898142770387229849116855287588427051728633856
335,0,13852810822124248044562073511664836010896877528813221294987969612205061582818528117904026041018706768089815848423297548527973462968755199567242830903925549393095046771651903488
336,0,19788448114491051740701266425009516720004634193566931584333485428613329526213900008436293661956515967000294878240063740607805405218622441799522115794793119229906086928387670016
337,0,27684758258185397949683840007050520759825883223162525713161205675718730878232347027066313420048541015607289082726071790394803006388436776413243198322136570057960443306292805632
338,0,37909540987565288517248813051433030354458222319220844715434731230359326496377583333715156669021839927788950074147720248653604377429327081467171889628340621487449303771535900672
339,0,50774921867870740106697269330335885474460008402715862653143797215977658471507565308696354453203047097984893175165453569980109368274076040503188499250600597795881652024525193216
340,0,66473303386036046753421312285477367487721355905014439160846360759186617895279725077966240905248250388331785128300587650322347895878294691137785515657147323411690362661209374720
341,0,85003454747202231736165333600836127905415742865620754151220368083975606072992151903292474962828032529435240794435012341670208921250369436650065244096623944507788585122939273216
342,0,106096378127364500166114021507206816782330923947967045568827572752591067345557978823634888495558019101223912575876167368780644142583067232069157602064806005642358190005234434048
343,0,129155034946426519548163785794206965828022472216642788824904733823953364342140286421967742159646638756381290716117233652366235594981343940688575083016215887933870206137535561728
344,0,153224877577754691197892352019975263530359615473807394465171022365522355081214795904739943784301179939764821657458872652384711073278184985124430090859684541690824563284313636864
345,0,177011845628562111751461196645960441615564644085503626822533293130509403882200540607164839936228792931692648443434666580128522757216018297859267649911989198477086107119625699328
346,0,198959785541353532217465297192150224599002372096481732853907586907427812594497287615975638051757169067688136058926204218091952418853885910736060167216081677031979711304191442944
347,0,217389763967655494009166209834270584462704421500584284332610459945951401368801861409577661192215773274835900458260072221311300034348342511050432447593189998492383708999747371008
348,0,230690507367698162518304799248363008495081902839101037736644133443210672362901059234245457851093903101975909423264042871119365285905636162981187276137956522412895481020010201088
349,0,237534850980401811980892011997170795050354510113421950173796251884851266651409671723006058933156362103427051576545928845834194374248032982979963495254906648914002604258217689088
350,0,237085490034419616814561897723069058474863233797490899614947461868145285777311264204546630952358664247924348678252925795963404415144539985836198942292671372683820066778099220480
351,0,229148608592354394933414823855282134042855176675707250769451370089279263177378094529082824272804768683037535584332479565681133199449636185123655755298950975546431544981574385664
352,0,214239063308614146634661917046142735005302005523745630125817775075220116154816644924598533536400765579103184947090899255918299865704436235157252281978406347924687945214818516992
353,0,193536133543980573872228657711117301222749619521077466555956446379537359433428430549513376554338303449931191611522258609866792070376865252882955867692555769437282678244424810496
354,0,168731571492017943132523700633880477533585894314042073105470058272066059179051158156379890847349878160764940604846347166781212649485591155312294511654789396456791053389396967424
355,0,141796091186673735842520048835347458465088908584701661799972937844914235649442228465128503019057310369572079407275867464472262785455596804501189979542327808980856433503891357696
356,0,114709555519600516506634211408561586586868119815953782754293930421763611983893010081008640373009637272265180717335309242158498354877920993584198982830489471349759720040307884032
357,0,89208069372572698721337267984857790430641607050775276859527948020049774258185325758295196626663771411020891733086281972670955473805762895389621979747854263621685922178986409984
358,0,66595366462970962210778436365850437273262618048232272641554738859463717234092112269145574810314123965402657472584593333405824384689435083591768697306557091293875324498607079424
359,0,47648089707418431728151541099834464446189769654304245919461395709754707859256427844638379045761936633845824859621365114900531197218128302701723360104132844744135620130550841344
360,0,32620464287975409433273756593683989274822450765956945638531354318856872530638656951585471533751684354225127768821537172882774025329952629958350560440035852470173845973882634240
361,0,21330894918541541243909915182198499983498122828995262579039751604105600640615917823662788409487991216251097878492892100910117521495831582418390671516617617839634689214929436672
362,0,13297693443754775987495294066447068932674451209566284885083973380808776467094841396444972606175584804183979155079477139732252423742507739874190250557332114895479671622335463424
363,0,7886800233966219555317226156296429243275905493334969618232075707629235800130362074219606085701632055283197605710314354721177779195956411674626335174280584875779935976724365312
364,0,4440350054699403695830923635742625399455517026728944967982297398534031170642476380640618611534386805804260649081002518462797595642836196642531487588828831842828175069203660800
365,0,2367414628645568035572492932974505747309095329960632252936979228608964330661882800558638518569212964606958200553224999907703098770628134344856951603470199324294023635424772096
366,0,1192125269225965938896215621078511090214063298415193855654447664384437329967556113210848978574099881630540950546417597378041823128631477142711232116845868075902098788522655744
367,0,565319442102098196703978122791630226572686725771955449543713545418911994409023877361505647679081164655647295800335276000291853897518516642722978135634213659517652317612539904
368,0,251645104083923991686437225447281509545344836017122247577251539365055158400995895247951204828632449675326713068640093756951138820991447470131805549488786019798081560247271424
369,0,104771356054789381084041530723464435516112822095119636683980097992868834242866520894367412987813998776893555322185352869521501588573849823405902951477630749102519868857516032
370,0,40635012897601236711220958758611355486391306857756611116496744357361043905950166530019028053022442854538360471791951319130741272246892837459273479665661581601481323561615360
371,0,14614135401196417395175521775076811314969806384957225350086182629522137685860902423587626861889514571071722572034914708541439637293761756041962625397451433047961483568218112
372,0,4848265847707025247726321592580432909233007006738245839591032871495857791360260285776324034750335515282444526617891643008754465320524641073158615777565278613969661109207040
373,0,1474726376219246237696005776048207179415310744732859386661259473578079913759413014836209651623816696007497704255119676169480151797026172455606489157683001619013256731426816
374,0,408386754452448282061559347844470778208588964999137024735862374952322179198380666883973407071837884274224345851240927086168542433800419320999027445589744562159762020499456
375,0,102097253809358849702289579905004894819063864153176844466258672690293874022433914133252566397326983535340256067674039850669373284890071060746126470414050376727064918097920
376,0,22810048450877286123102206566876383841160427621651205013477881277764427581715845793933947150055352867512303491515971404502714408984311633605062787582536919477559549231104
377,0,4497451334475396600631973567642023526135538337951960144900470521495570342111888731164299100897783571890338021257118759647870530908817732598001673940935221552140693536768
378,0,770282201403948647618508856915665096754618752970214323056908020527641914600968289072211235762222051704910209087326986525808155820185926746909045641886838663921522442240
379,0,112247562525906410470352142250239605420350890939411195938966256282479658201039856146950409254043775833107761107914189305268348529789906948322962936387511279195432943616
380,0,13529117275587952212951006927572992150082143862843509490389668205374586347865188180562662294882240808751863446094854510645537890263995229402645982659945253788176089088
381,0,1294660342255795749075448896038941161129772163912579162306792041729719017487620839665972369130767465928206702167885402698650349716141200684909611699265467114126835712
382,0,92207293171693439192240867803064176067100523076037892048739050976628155163141777421508496211455026699649363250130790020976812403962648319715227089525061653052260352
383,0,4344141126059003611544278888842340079483997805742925752955785802431126120275953322596099529750709417725130846249445438572491308220956982349731876723717825288470528
384,0,101529564419363114165640901548299978220108271237005443055988978325767539235783900296382764478929717564734225558560067382199929596809160667561557345717449125789696
