0,0,1
4,0,1600
5,0,192
6,0,25120
7,0,54752
8,0,1686448
9,0,2133520
10,0,51844928
11,0,155875632
12,0,2040947936
13,0,6025379040
14,0,65173730560
15,0,245318635024
16,0,2350030430568
17,0,9804814774960
18,0,76112685337368
19,0,346701307933360
20,0,2572565649381568
21,0,12522561923279040
22,0,83880548672907000
23,0,426847988193911760
24,0,2722135618354906640
25,0,14140305397792070816
26,0,85917588196674486400
27,0,456226515435434019280
28,0,2702610873945691286960
29,0,14511045634937091917280
30,0,83571281347429820026952
31,0,450311813997249441532000
32,0,2550451731383543289896292
33,0,13792307443166706237160208
34,0,76892211345304116123103800
35,0,414824107386620049659325584
36,0,2282763518122256732747017772
37,0,12275690619515896040638213536
38,0,66822545786208704954858086760
39,0,358017163528567749375495363600
40,0,1932726234575332814113089994560
41,0,10312794536125843613250624960608
42,0,55227851690140573604076012487792
43,0,293171976654642130337040906573696
44,0,1558769566931598293989695410890380
45,0,8233265183268658903163620244205424
46,0,43486270818843943866647992454679752
47,0,228432140063200228488262377172014944
48,0,1198698528823181264711205226911593912
49,0,6262124594005756717802166356854024080
50,0,32664042963985663704123110837324969552
51,0,169746917414481291263247161021170278656
52,0,880535219208080327216728230637294556784
53,0,4552663155416940894556626951822725405408
54,0,23489366013351661984745411482470975497080
55,0,120823355044462091329974384306769076903712
56,0,620084449463998422241208636600200381335912
57,0,3173342485575204244659282311514132752101952
58,0,16202039285689549550050096933544520303874960
59,0,82497652219913866152566860851477624340828640
60,0,419062604742829980721701162864050955766755124
61,0,2123187968499857514522560050367997216190688032
62,0,10731919754492615836455460487554895244084466928
63,0,54112133476564710439118540982003501132615525008
64,0,272213629020997102142193178836025548649794447850
65,0,1366113567104339661499492799679019002938964290832
66,0,6840130106443447870309065162979196649444560532440
67,0,34167780794878837005899412982884744430213419118880
68,0,170282490538622224361578269253182652800750837771244
69,0,846664713957304995552378920827631208175529402600080
70,0,4200113638167811242231455671731114164172804137685352
71,0,20788037737948452302205853665961882211615970279123072
72,0,102656041639059520497789856650416171582816216958862974
73,0,505795976444520632687282916941597995714566388892067856
74,0,2486572289401360302822651907186303476433197726818345920
75,0,12197379743621391033431864703665194492987906037533965600
76,0,59701184864753311914326294315863693552745634549943464628
77,0,291576760311174421807946555255343906027306723523250038960
78,0,1420959675588853027303772886908117908800441530490132793272
79,0,6909865728123699898278598343128437754211655904887193480400
80,0,33528911465163254475171980230752142896514001981943601231600
81,0,162342549517434441358139074669388825913955428185983704258992
82,0,784353942346759853316131082228499190563202613986913564650816
83,0,3781477563017821944100044043123981388699708238856196213241424
84,0,18192205676717683477401591139651763579616710316111668098669560
85,0,87334883361585501869211688303542092975281686506643542288525104
86,0,418382806043724119086986258993462442389316518011974909970302720
87,0,2000082702449016574942377078942930971402798125276828573505734912
88,0,9541445776998374996273360091660703924578704013042640912790904606
89,0,45422924890210459676486396747779326408510750124187138811351352960
90,0,215790504988795295003135372280760499944647398342034460783940032296
91,0,1023025348324491877012490701601251358820388376116990310651665157216
92,0,4839912782110590322217291746761827694790093391896806847663398138964
93,0,22849985736226810883835352453193374249053055510090732680097212306272
94,0,107654520985757745616472165721537642263689772513513793546217516791840
95,0,506148158216895668725903376393245073494544316503049838868034254223760
96,0,2374781803977684425936855397263824689168574792915901354111819249195364
97,0,11119167310800547303080113555852508739504469555580742873508491548137968
98,0,51954747727661852010422196012425973542672351644131679636572840561778104
99,0,242261444862263781962522437551456560294225018121884176743468902573991360
100,0,1127328909528531095156575031404460439593013017847682213675261696688228496
101,0,5235096941989011645744314484686545588847821881066955373601479269909925312
102,0,24260863565254265994459823014809732251085855034199120452938884124011963472
103,0,112200357025311384481985408303960961620474778220762310669166895648501166432
104,0,517830076602170348021874794889973699018137031232702492365839610644315984960
105,0,2384974928916530259916259615357055704406675690397041455644068235035766112912
106,0,10961815667920167678223765053364261260257895293192971838254503720026035833728
107,0,50278488508691294358939067260055302964559494122699295176956380025646627808832
108,0,230134751373902164955374503150543505445550252008487089478044864816799888443324
109,0,1051191659009921490571768425645545585772139837988082125443957985559981229637840
110,0,4791602580951731360474788240652442526972564794817728073527019302829280163420656
111,0,21796067177868106393283748814428380771152454922687434256329363824581889975683216
112,0,98940212442598948416548586911651547722974586026302131450593773665207188352945876
113,0,448191103210207449981712394258498918917271408727479545013000560776978670235577200
114,0,2026035437625870320809590204194538369805310331212264444697132305260799168049928800
115,0,9139478129053216071733563795633109296629358284688775483758030654847202872754352272
116,0,41141774162464981569215345960551811990702848125214628220310405719622845729649141696
117,0,184811230925994241651834782969518833453344877406595764882021516727899424771536295984
118,0,828426291069164952957043669671584766044995469513049172997225493466099982017177615104
119,0,3705579482927878129025180050762234013957903201456558001325718968173373254909650005280
120,0,16539863129833493739779149818791917234058149271158158809358343314915680204556708801194
121,0,73667873767008443748949965346900564276971100662628111217327886908556438566710944336640
122,0,327409864002487608393498299664404604237835112657900412818123093322155377555964701690320
123,0,1452009930458046754932579795037473889997539518475734260759699405269119223794059894656992
124,0,6425517032723425792426735364543614206957242153128201466838160170899702797274976820694840
125,0,28372865774383733721499600619400242272787351382987002695852881189175586116446819433026000
126,0,125011607436677070269987350418651024895541117899972669149410759582197132009826312423532776
127,0,549596901116583394206895917186835028567724233803456618763489305052394158548128210598193328
128,0,2410900509124258939673798254597708973036496746762681186995456886138545485597326506838626867
129,0,10552352599339527573762586686292854305434464611988889878340463177226731621344423868483310800
130,0,46083772131493088279356999801229086482176426195049833834977778810426130566735953644293122088
131,0,200802523446572093392875257070721506173759322197425855959962715688342950536539072516713847120
132,0,872984434093564396728583483480296033670386132955688031770921467402911573653854482622969852964
133,0,3786638722384525227763819907942362876826907539252510686243730086798985681997768841850013145840
134,0,16387214362374176639240509673035545564575088894589593700344433656477085948350543994865295480160
135,0,70754488948198791226548184516601203184679472807924924447842330795318626211532684812201581455168
136,0,304785178484410154481886646104849184046717887808581029141244624609605159265432770071402387466306
137,0,1309837877824339543396077846601875324884046465973954928296304861917883061327702557035336149301312
138,0,5615873770380457264757182486357465416395572167685269900675630797322348259088380320556436382518840
139,0,24020649954789204622096396072057040099830033446822425566338440987495796199528302160118851185388400
140,0,102496881856089352786477340861101229811345486447469938306347814796320535710356416361691389032037780
141,0,436300105579859415394646631739530537665571482429922097101216303368162558124550001501868679635276240
142,0,1852672313523952758487918588113612718569327315095645713420394424813412354715096023040530212157272336
143,0,7847659375743584695364210726571848424158809097391584355200541747998531413971054943555926545187355600
144,0,33158846291399157112556993073036405311169712288558309734457764477245563864582004234604745938379096165
145,0,139754518707807778590526351259496665473988101940883006222843898436346814157938162629438054089942245536
146,0,587528395892559593565085564297413866920439862666261605670248687189146502214383508658192510615809208064
147,0,2463642057338919626027802035887715421729192348766414210748732839400157014065173126277130030295781834720
148,0,10303883165875170139125513355403771049379751395473044419791709108481216197889132359268377846429287919488
149,0,42982042478969205104556367790364934913742384036815027705695902821857890726841355675945496875216560386160
150,0,178823022451759733620356150151689738737344669551205438661762312870955924854745313884795407067437528371272
151,0,741987494729135248546998460169630785351720757018610659696570684447309015055772872990386863440586398958432
152,0,3070379273326961618241250677651126647042303329932748831352449241813822330665550310427530484435966093285694
153,0,12670515716827845069541973318545882591106417955757536306654863468396770768345271327607032955677305649537376
154,0,52141926516559316777970012996119446359836772438670568681416117551987258385642731469143823946503891796240600
155,0,213970242671442452402218530283166397555993394281209208172006349507059415362473179156240741278697964369090592
156,0,875539461869557954350137626618051226740535667886081690223804785614932295275896743798208506261133677328063508
157,0,3572204199970634187247093520562196183564149230130502046600183891194593219493808545762808918403389381507227872
158,0,14531716303766360571801548699195372159115429354873189042482249755449762743481775834405171486242094349883340080
159,0,58938511498258535059075780391367250962443852004592959161063809583437266022127999273184061748254673715122335280
160,0,238321960864993507095267277979444140468131679801718454975447913016024533638731436316576462785789937285015979448
161,0,960709022861036244866063584967469119638207877839762342536762192563866605152311090865191053852017785206963217264
162,0,3860661788483251749946829622069043839809924203316152260858589512619858962942746714273998555214498124376595159832
163,0,15465056447383127155001209971201671115414751319274266096491001839003078256082663238294240725913756426914252740624
164,0,61750043855794873572716966585257170532331312614323971167033163133916044405318462782778853122830156451646923074660
165,0,245749930160759403157224370913553285384183934549842875479160717513197162667639052318926760992261467986874310252192
166,0,974748288055795448547732491109108683048575205987929139974870152098100070098636348703847335395811024977038850960808
167,0,3853056743950667277477747694737574368793241118645544227091126460550021490698635545209080636245596329661165080828432
168,0,15177547886544250443132472434754291249984099502955655984442535267463631045347212134664710072413002236908931478659164
169,0,59572979388756270785507502254671526745048267874889705282393988845941103939670559869621170039316485853264663776801040
170,0,232978444050217283345809760948014994160025203491431046536829994443061846587536953053223767554748583826446015859765944
171,0,907751903574261975943500379118429469628598055141463061642620894541677858341669019002350203305602767663864845316235216
172,0,3523456576451704929379516567185150211099981604334767614141978641251129662023902839164141218371013854383239502182539692
173,0,13623386787549376195656307317350409296557200473391193650601493865093525864771857096907778659358370290733387179936019424
174,0,52466011982386769594423939714568682544884098515301250620985198748506505677959944420112924962313870259460975659845688480
175,0,201237052131664045416421801497358556837873871234489303186739774952299451581925351198581932502303282155042414290507891232
176,0,768655893519113515049547569364084855772340221857633502198991146412243862097056966572431665210354787639907199082013368777
177,0,2923504350409087456163916273106634199011097764579004855358530284487231431938599452796911111824442102891659609290805409536
178,0,11070644192344977679170319176368415640613591888364239028689072031504445943409525072765803526324539087852171478677670899240
179,0,41733484997141667344549411665267744802691708796736886558216179944260545859045187070933876212815812967183163942040590858960
180,0,156595707867028268370530004201720721049030191086947404559845178325531493822153114648224254465446919576061609326316045755912
181,0,584783461571243142224505845674339488274772998689038172645684737438862813535059268506726057665191903710749454872854749903328
182,0,2173016407804540991402392297782373798181549163181514792360292120051679512163401584767791014526326289497370832848938720287056
183,0,8033647676931596657902169156048075251448787452467606022748003630270814477312739660978557359412596192721798606893313163233552
184,0,29544072915383804109121250446957119718851261435342731669748632360674316557406053073697900634364249542754355361733889021210270
185,0,108058417328984809769517770501615011698828152934421562037178794837880959172980457213708556457905171613276578495250994158322592
186,0,393003956424975008413554534840740922783171059142312804913329419553026980138928758693710269239272508597869508437362896693257296
187,0,1421021275839473156852617125624433067496135927483488964007271733055201563628730220402261774838491035011893903382381367653209072
188,0,5107158714055700104083134185391660123048576615049839900624404903357137897683050990722998924711555009346636902669471030955690696
189,0,18240458901674018042835654249643902895893011754199771651457841906684923900920134684943471268528113269901770681958655599741911200
190,0,64723631066519825178830958589448768182317043322686973812959353670671652243233563740678748357461138337837570614091665088761595328
191,0,228108750771679222556740769846704833357123369712803550578626035627590357956817527680680684124483734353983352582647319571372403648
192,0,798252040892477511405826879050025020225988489331342182832760331231572551689214859007338792108930649036331576812358169973453967344
193,0,2772732164573916723205390745322623731099569723841807680509175527337345404190630420957372033022158164826185769693270714690113342272
194,0,9556051836218028103489282128177997175173888040590748453214394870042756889934129796271547215654939919823660671367178672051207554280
195,0,32663741547948892941227833524924956764418991065735837739981152588750772986876074801720653827445081738396654638805827044251227453264
196,0,110679100688402154007638017802325144389990301851103199446759176777731656002758589425573885904969314626758768022848148736321523522208
197,0,371582344322046041711569050735859869597395858091723767811695471303917020849107208926443755136886947395370834635994794828561876014272
198,0,1235365824388016972510486574565153603422615834211996897645231148316199352044896987209841109804365990845388291798870609364431640469640
199,0,4064758010424834773992432397778432806189518924006894813946429019708710827112847027189522615469121145650415485061118703624917888468240
200,0,13228455574737502855002303908425826723775296169906012058756277231983538239059665609776978275654169969094218106023045324507825896908634
201,0,42554761189632958919304379811422816833929580946855352982442294983265925643619246126359114981435287561340337016173393686913133309668064
202,0,135231199775471435640449095176517947946550761092289616743198190326294161105570044757541314843822354875162506697514786241972750991860464
203,0,424248041968792121784076906899657100233116455861654902053380641994745959451989341484818739341836094153077140164352026235732854207395872
204,0,1313118644251241934491291255557655350855967721683390494269630438211685304784208188185086969899475565277884527077524762772864846246511680
205,0,4007390272402881108014062643970392283389258293837669110657370642161186035611888277309885325166081995155522697315582334162553140214719504
206,0,12051280592277305264274305789839735870464542869325553211565038218134732460993336642798630915037924562398099559219640703795541423291774240
207,0,35691856575833875495488608522052838262199577627815456120946677283755112104645120949262844684339696221900248500350939086773724736730508976
208,0,104047575123221371286767531120730420831974924845428919916902405623991213320172379510108052291560465309632748553199725168208577914678442866
209,0,298399227245921956601602929396581826027077712435942250761666831276289519374380161985687933309353511990251164679368714372430329598121440240
210,0,841505763017952335293308710096035484512747909272698079354649501324981040064812720188757489254874287712067355610686341766694622523937467800
211,0,2332472939017534368872212255261776867390905502108889145815520264454322172801177090330257835914894981279215385638783216898078068057942043392
212,0,6351833314669481587900056060027493312292664715689817939537816733849977818341425010337978227193158562157945024132488501109720972093991160768
213,0,16988078117182576003173019993399436076832715040885695743891935365686242078988564943023354071267400571039028476753323007541767421390951972160
214,0,44607610773868093777933960757281280816478782235053145729327113978578593425166707001830965204465637493339448739347805485181138515105032838640
215,0,114965456964939810405771857862086114198077982902025189211075384735611170325397496168367081875260390112953816174551167536808096885835402431296
216,0,290744018998767024086256797542400073854547994154237104384491424259321732038523327770785711050662188957334147997460115944935806963037491026746
217,0,721352399928123473588707118290417007755192088565062782530763376708144957616180790229327697700631309263491545824184458379485677268906156003088
218,0,1755505746921106720589778357884314248160701688556821380107801892192741579650633254141596803681863372746677112451295160639920189958542496605296
219,0,4190018573663822553749607760201367056832540790958385261600339860141953756876588284543503713752588636822482222023454925641871762528840494836000
220,0,9807194051314027155675889673122500341621762187699358064682270699333060230547475167685877060223869705075877381691775615691759347238525105214892
221,0,22509173343361321081123395828608676964854869302100726400639280604283556117643626365700954551201385056782352325038150730047662630386113945482752
222,0,50657631692707539636344499508856923953423834139904676503788660896652749062225307898633574216410054425815465485616847559810078590391704614775016
223,0,111788785711135507106987584679473690822863302693967123684562210244547230044535707207426666982372734690854952158225202426717964356252330732276208
224,0,241896155075563509441679406278214828748768886212063487150104692752607852582227038226087236879724614360760059097955636740044418171783201591831230
225,0,513283491656483037343463659787319528373863918257691239308555803847282254242402820333155739557942644717827118638336665751827007678822433623007952
226,0,1068103478605194955493414454825615816319103468114345223584455268391776292886021047333483080535357531078495800840440443703994693258300681086980832
227,0,2179897123023643127414584942770029877004944125036881613430311045937419907124260739338938403870581193290889520933329827669660683801941599983368064
228,0,4363872578222376728148910365097665746951836895676686336051713437043702100680414377757537974683356348105745072339562931690932308714106769017690464
229,0,8569887304385540463133933463889678594959908668497073984863388127271567603468182030157671999263371885700853012507758351075692607736360997067875840
230,0,16512187853568641067708362777082421820228387800767488271152533025558887105536655269730548628845793510587380734362316072332112691474676336483293136
231,0,31219434484295118931872064064687434701841614990353521157385334653996238735718811666376839306131274849781651849688120925950564414142485737643224512
232,0,57930181794907040661994314852449922840177719810813898085596627464464349494709057768333427780004398645787612705427726593110717767241853743367100674
233,0,105515447334573721863145274202476862413133176134722215817068213589576748534158044385241072238151005767069335271512163591118347989852582233463622288
234,0,188683048103001616053366498315715205120910821351047899088760900690227706083196168734994487574486857817142472280670553349242570556658082473824076080
235,0,331307796332455586298928236968421424778499040332211274877040784798171469717219337815749210539795869941909437313021372822651770904939044032001795568
236,0,571333685561900767235711297389363394953174168449284594210091305706529543484665767382337388920761471083299721849501526212963354024198524525725287564
237,0,967799789980590190038391049085313117371935073635336139880269738179199315948916288909799006902401475177598881804491046910723998238406580404016048736
238,0,1610634426105043846376350124372093538086428743483875435049721292661873536273362862051277720399633340611842722042826897787291114065573776437430944096
239,0,2633917074665612514611252976383371982158569097789196821787340068552187805500165986540396661026728755133142787255182767185927409759526001190324949040
240,0,4233290147612385442200900573424608295957912518832079218925922373467394487308216578939946488288482694672379999090727814943142862665205443616770598821
241,0,6688070212352173087360214527198189094608679555759583628491709971740645042703898070274068459472034390093486429507631679863127125387898228397889124880
242,0,10388313541012146472295131592714186238694221287820804158729007454581549846722555194394565959531983798063780348419955382540728329775379731800554273984
243,0,15866588987358800682569432776623385705468798149529319980180467373174425981253455556554863988513853671125564886362451415913675458139994602958055935664
244,0,23833469979040516442107315829381525804110465274457899595944426159143593139574194190404390406026102872879097146360971310871219390574685562450710338740
245,0,35214770364346352977737319810988117248288424363782254993445394014001217371704968206473978097520359933800930451647318347875750802768098805646735381536
246,0,51187349739561226657958502839292814730491712843762511480296989685207000504370319705409883837542860738400854654613047946543620737379215688522962590728
247,0,73208990053024706223329458474663824742635924182276503164111848003406012389372652444498481748383151366128550355749784464216509299211742037193447676016
248,0,103036546289869000987630575116800747701522537814117317191125273860267869203586987958759502430172419629313317666007871167714777963301061804012759365436
249,0,142725511545352274859547731568308738659940873776898344924607527938342003987472657830470229186341848139888084501927892202119946526549949150186598624960
250,0,194603571941023380073711899158208990350032336462990271444574069751144664421162354912947659512516381755466106663985495773249613951026501663586475192728
251,0,261210942635686770569441274448516642883972033660540597095029246424983272531877520818574314471051697512322019956634827112570477834939922764035211058288
252,0,345201534775670309223694856191567200111243074156661654341338923423558564676997965924757857517373066256372114661304641604266665823782024759791681273428
253,0,449201491319398977458330673361477871785288512332786536124171626769943724428010409563120262301500576935401402104890594381628973282593006758486603350720
254,0,575625399168704667299183088307392155701045463856108538359960659768396154993967295420685065951887089142576296151708678872121449476397695698856051289480
255,0,726455399465110839405444576790275870759464625195118074385509327730074359220560977286026764499171553919840084602306884369806114714135598189575510591568
256,0,902994117303733824870703880485218751114223211414877707083327934896373947195815169303379532189424355133313203342075853385748050120314855635407560077873
257,0,1105608229105642695325816261964478918550885645826624222303123659505158625442130859323257847940528391936112820340799052308027314097525549184048259728064
258,0,1333484802686184559438736117296293658095894485618714783904833994535112269797783478041447198660636598754978251537756251651442109871971530832333566278520
259,0,1584426395086894483196916897583305408603368436755376722931606415732647217739384746333770970950957955132316001790653164578590543361833079741933222289360
260,0,1854712402977880020920936382831107829168909563564017044078409495458667640223233667674207995478787398258925013831636517107658405560597552838990424300376
261,0,2139052616988970950515020708972677865274309863931982725078669348011762536543122427691582924993076565152198247627482895913913077033645206154982533976832
262,0,2430653934084469559917596596364940522327911774979625061366010086838657392775460716087822514634038922797889004357447738889806514434445799526958980932176
263,0,2721412768387295474259213380658433376200554928523011158531763655102105337739159927423072995740625953016576119977612472299472827933275029161261166292656
264,0,3002234421115260722157979487659280132487565991524739423955057996035759332834333531800919117984015965805640786991337139630299265620282937919798772003360
265,0,3263467580795574235732757531234335515533967047956467908513926726473945259777707015865649754203668061936448243934514308138436060346191414019061975691920
266,0,3495428704289192046716120364016987366280692022032789766989230354331094870315426695772921639093860561692228546891045066401172494969100075439086402368056
267,0,3688978985526947438968766974658217246111763426633994016021484216734022729083723925709944502115807710707175093182436103124701547109982066171903952845056
268,0,3836107683280945562355210975727124506874263437789782294784693635717420482312240990084757695014414009056036076911773880759535672823904294025390095757792
269,0,3930471171840648230684222883926949652987643930038355963685464535004862402556401826291762289896659830716075017069778147246058951380448281854140985804320
270,0,3967838189159362631161724387953302001018065533364514206439045953778916755784185440593004573204099913032978187866061336523837848355148003690589267214400
271,0,3946398505502082855731344940739061682257378436572099210016143511129921426594437863719401960240211245070036807469913195605430144831987239348673072289632
272,0,3866904280108550652910463293283051818551546082186394316830877633998482398512743439222786275106185426366585715659162605950388388129758944665875524083456
273,0,3732629014350614864639983603786411018893480464652760190317778556570428263759440333212964948038251106752971299331747358381492357267110231450277121799712
274,0,3549147123357362674611821093902261995001165262477674675099254397013865499981025092657560022898354084166089600347986465534544722317537004184705935719840
275,0,3323954159140246156579162885838694244206787640539986954958047295226175543034128718643206336144378649040517969618651243509538241256140706740852809460624
276,0,3065963975438047064140974965794299417472751516510599387346694797944905050267914662514638351680753598241544611384164241127770676984204615771297653620644
277,0,2784928241790130174456688788520854297211338414982527626740215219763891818600962772074374671888916167344765969292056088340983562462312194330596877865584
278,0,2490832496920218852537651667611953681533746318981927123859675979249527462710523166977731558681354343308010787146349952357034022634679417014333359499264
279,0,2193316860773397603935776269113743113036731295630626969889245109253366735162605636483583339798834378450129845568070700178572898850451341882363605067680
280,0,1901173107306119398314644835697777568258760973318025973729293413451213536530835256709026006327317181365058813492943433797704672852138160161942722273446
281,0,1621943222350997720061458859895115246850987884555134277746808207610685352876108198802448927049815975076489159293510994159920584568455298289321881315136
282,0,1361657499436921226945349188830942471206901913431385381035099925900578273461597582465878800061336268734235543665933001953600044705384451381164122797880
283,0,1124693161408420318223172242523897070368219114265377168314253274992059600322142368887585752881317912508701145136072293041279678316410591765579630081152
284,0,913788247202764057141572657160536305151121408065509114878582255354905481486424414354069048446327795603239386881971725296540341757691627298293092483120
285,0,730129288897568237063874427686806327734990971818576568656331282376181076130613250874619930558479742726124845737996995461447218577609946730768931949072
286,0,573583008570403778497358355342833854031146116468105604775260983815832158826718758199649968773155193241876562945946694158892974756800190634837670566888
287,0,442899973378165995850883002330273486904134631985833168302847643382856602604958436558570154213717367903354917658588097031859586043309727274929075082192
288,0,336065514719362601413585169935858372097868355306172879056407561051967607018532571231378857179716514149022071974424998986933150380353814850012453613798
289,0,250479989840543044415399828321161767988555147598234492068731391265954832647372041153172497466893096758226308046366540126827791480493150803009043670480
290,0,183347500246151283071023694596600994759132454594630240843457406497668999505027754446757818457198263617045144963150575667429175585060336906274870982176
291,0,131717298167764117190434265726121147950318472197932246233966802520311480089484072333943101806214026020973939114502673600102154840903708734557851140928
292,0,92878680090281695932136143841526895000443552381432204011923026325290106578723124543286448984364823043559994737380381650582166364926506748999983214032
293,0,64199805069572537212613935396040154375302890389183347696295861929352158584494863836366232131387052005919961104057318221473035670803221115070158688464
294,0,43542377662849061548621406833947488500806109347469275204360093647971897660629011419192023544690484845600671956933874839139887571271782974282822694480
295,0,28892040426773284899917000900563403914867500963212690017305121382573017134509830585693784605779777725238311104986126294181247413603339065463539473184
296,0,18819668674211090313898887902037409475133174783741458332498136727194485446793061817658557533387026046905386572904321016203845108928515026225926135216
297,0,11948672818968558018085801841025394445151401382333934400564802016153601306769755660263081699431467899106304820612933801335523551785044300212427331552
298,0,7467085958420682658414968035934755090764050150191384249071893776870882124392773663262228706281708589816206898093947459872241298410380757651374782984
299,0,4513824208857299934949465356453411915669130485922453020347754897947174615124655862706737675960247872937375280992626087291371204788559283696371689920
300,0,2706993854514430316231530287605759880159950324863421536650703154941900789861578467232423712208367791170316643518969423556662825980712804112044053276
301,0,1545308716623225554946742858486276632096213298591245342390659059206338240029294102919221669195164699985726470436912505385300280422294294331300754512
302,0,892213802968912382421275848492051066767671797292276431784247467892080256435283692802915007305483562272600303918074284802392850543022211452804321696
303,0,474307638645222021069386391724754890466943938521807541976648955452941620618960230359219528868425254239691315432946076539274766989413173330492414480
304,0,266007891518324735513421304592799400702794447023508570838354856878785967642765234729892739572431844558974929623833751669657102692480803913109849660
305,0,128581508085623401505895666651832499563292222565213665805558284870886864599636683111828259196171176412257798384069766739841440863737650377151704608
306,0,71351925094005098588057785900006904869048959474731907156149972556549126385102177289696203479680020581988038218651540561854545274774333390347224448
307,0,30143265976657753487536798445646790626748969009196263282121855695903775462289135071967174006040750048513450425040213697754449641541883101726453664
308,0,17095839315249253845440214222141272460388076664180164364904374261172393271414346664357409125464029004443721360254365789225643787882781349442009664
309,0,5928735211365841484834326149501101716067392928622802752040993688511570844250600878061325434169729669315067761273384023470082799774831859548400720
310,0,3613815551326460963409966531338538355271924876853620672401443707837474517938824022628482398530032097759474321376439996282603530131414418509630584
311,0,935851514552033066719884422354866909042536516226794546598726277355470442633972789323300440069145150293563596540668529961942407069086500672992384
312,0,658141199152799847030684318387318842195711559568845596274091535773623193416808744219471288453989025340632870117971822607002783411557630336877752
313,0,110617711484831683700578189514014446171849580629813709295590757509771630188313272289119444915078250254886985685475000773396297294051194005573920
314,0,98874496652329389837011999774603688034892158207374841784328684530604828096463762164269194112475227837560526129630775275161616731170478092084160
315,0,8655761873777841046013595314828863349475665176386028029993944979999084316066891396791259125365129366648996327857532913433761885508622701505648
316,0,11370564745933222362044298752114478614313214835599768521705051256304120295276183313293334618184323470596025645404209702444489396866272585447216
317,0,334427969978110494127937134590415086738904126626976994080053860137358865257771712256996500569031097565399933149769678974011406145482005310400
318,0,876234756512335252972395340320965834503184465177353392075497013771917817650463603238864902943018462491573444309384012961365107437767075577216
320,0,33376204596324058480183649418801728482618792183342061200884482081453680188280141865281918748617983909588178018539992657138386341626144401921
