.i 8               			# .i specifies the number of inputs
.o 8               			# .o specifies the number of outputs
.ilb X0 X1 X2 X3 X4 X5 X6 X7      	# .ilb specifies the names of the inputs in order
.ob Y0 Y1 Y2 Y3 Y4 Y5 Y6 Y7 	  	# .ob specifies the names of the outputs in order
00000000 01100101
00000001 01001100
00000010 01101010
00000011 01000010
00000100 01001011
00000101 01100011
00000110 01000011
00000111 01101011
00001000 01010101
00001001 01110101
00001010 01011010
00001011 01111010
00001100 01010011
00001101 01110011
00001110 01011011
00001111 01111011
00010000 00110101
00010001 10001100
00010010 00111010
00010011 10000001
00010100 10001001
00010101 00110011
00010110 10000000
00010111 00111011
00011000 10010101
00011001 00100101
00011010 10011000
00011011 00101010
00011100 10010000
00011101 00100011
00011110 10011001
00011111 00101011
00100000 11100101
00100001 11001100
00100010 11101000
00100011 11000001
00100100 11001001
00100101 11100000
00100110 11000000
00100111 11101001
00101000 11010101
00101001 11110101
00101010 11011000
00101011 11111000
00101100 11010000
00101101 11110000
00101110 11011001
00101111 11111001
00110000 10100101
00110001 00011100
00110010 10101000
00110011 00010010
00110100 00011011
00110101 10100000
00110110 00010011
00110111 10101001
00111000 00000101
00111001 10110101
00111010 00001010
00111011 10111000
00111100 00000011
00111101 10110000
00111110 00001011
00111111 10111001
01000000 00110010
01000001 10001000
01000010 00111100
01000011 10000101
01000100 10001101
01000101 00110100
01000110 10000100
01000111 00111101
01001000 10010001
01001001 00100010
01001010 10011100
01001011 00101100
01001100 10010100
01001101 00100100
01001110 10011101
01001111 00101101
01010000 01100010
01010001 01001010
01010010 01101100
01010011 01000101
01010100 01001101
01010101 01100100
01010110 01000100
01010111 01101101
01011000 01010010
01011001 01110010
01011010 01011100
01011011 01111100
01011100 01010100
01011101 01110100
01011110 01011101
01011111 01111101
01100000 10100001
01100001 00011010
01100010 10101100
01100011 00010101
01100100 00011101
01100101 10100100
01100110 00010100
01100111 10101101
01101000 00000010
01101001 10110001
01101010 00001100
01101011 10111100
01101100 00000100
01101101 10110100
01101110 00001101
01101111 10111101
01110000 11100001
01110001 11001000
01110010 11101100
01110011 11000101
01110100 11001101
01110101 11100100
01110110 11000100
01110111 11101101
01111000 11010001
01111001 11110001
01111010 11011100
01111011 11111100
01111100 11010100
01111101 11110100
01111110 11011101
01111111 11111101
10000000 00110110
10000001 10001110
10000010 00111000
10000011 10000010
10000100 10001011
10000101 00110000
10000110 10000011
10000111 00111001
10001000 10010110
10001001 00100110
10001010 10011010
10001011 00101000
10001100 10010011
10001101 00100000
10001110 10011011
10001111 00101001
10010000 01100110
10010001 01001110
10010010 01101000
10010011 01000001
10010100 01001001
10010101 01100000
10010110 01000000
10010111 01101001
10011000 01010110
10011001 01110110
10011010 01011000
10011011 01111000
10011100 01010000
10011101 01110000
10011110 01011001
10011111 01111001
10100000 10100110
10100001 00011110
10100010 10101010
10100011 00010001
10100100 00011001
10100101 10100011
10100110 00010000
10100111 10101011
10101000 00000110
10101001 10110110
10101010 00001000
10101011 10111010
10101100 00000000
10101101 10110011
10101110 00001001
10101111 10111011
10110000 11100110
10110001 11001110
10110010 11101010
10110011 11000010
10110100 11001011
10110101 11100011
10110110 11000011
10110111 11101011
10111000 11010110
10111001 11110110
10111010 11011010
10111011 11111010
10111100 11010011
10111101 11110011
10111110 11011011
10111111 11111011
11000000 00110001
11000001 10001010
11000010 00111110
11000011 10000110
11000100 10001111
11000101 00110111
11000110 10000111
11000111 00111111
11001000 10010010
11001001 00100001
11001010 10011110
11001011 00101110
11001100 10010111
11001101 00100111
11001110 10011111
11001111 00101111
11010000 01100001
11010001 01001000
11010010 01101110
11010011 01000110
11010100 01001111
11010101 01100111
11010110 01000111
11010111 01101111
11011000 01010001
11011001 01110001
11011010 01011110
11011011 01111110
11011100 01010111
11011101 01110111
11011110 01011111
11011111 01111111
11100000 10100010
11100001 00011000
11100010 10101110
11100011 00010110
11100100 00011111
11100101 10100111
11100110 00010111
11100111 10101111
11101000 00000001
11101001 10110010
11101010 00001110
11101011 10111110
11101100 00000111
11101101 10110111
11101110 00001111
11101111 10111111
11110000 11100010
11110001 11001010
11110010 11101110
11110011 11000110
11110100 11001111
11110101 11100111
11110110 11000111
11110111 11101111
11111000 11010010
11111001 11110010
11111010 11011110
11111011 11111110
11111100 11010111
11111101 11110111
11111110 11011111
11111111 11111111
.e       				# Signifies the end of the file